snapshot pock_volume pock_asa pock_pol_asa pock_apol_asa pock_asa22 pock_pol_asa22 pock_apol_asa22 nb_AS mean_as_ray mean_as_solv_acc apol_as_prop mean_loc_hyd_dens hydrophobicity_score volume_score polarity_score charge_score prop_polar_atm as_density as_max_dst convex_hull_volume nb_abpa ALA ARG ASN ASP CYS GLN GLU GLY HIS ILE LEU LYS MET PHE PRO SER THR TRP TYR VAL
1 260.70 162.51 85.22 77.29 88.91 50.68 38.23 116 4.01 0.57 0.08 5.33 32.00 4.33 4 1 47.83 2.29 6.46 12.59 6   0   1   0   1   0   0   0   1   0   0   3   1   0   0   0   0   1   0   0   1
2 229.25 137.39 62.52 74.87 62.84 43.73 19.11 121 3.90 0.52 0.26 26.97 36.00 4.75 4 1 38.10 2.06 5.78 7.48 4   0   1   0   1   0   0   0   0   0   0   3   1   0   0   0   0   1   0   0   1
3 186.00 136.99 76.60 60.38 77.67 49.00 28.67 98 4.06 0.49 0.07 3.43 36.00 4.75 4 1 50.00 1.59 3.83 3.80 6   0   1   0   1   0   0   0   0   0   0   3   1   0   0   0   0   1   0   0   1
4 263.48 160.69 67.70 92.99 96.92 26.20 70.72 126 3.99 0.52 0.23 25.45 32.00 4.33 4 1 40.91 2.15 5.32 16.64 6   0   1   0   1   0   0   0   1   0   0   3   1   0   0   0   0   1   0   0   1
5 140.58 118.37 70.07 48.31 41.20 29.73 11.47 105 3.70 0.46 0.10 7.27 36.00 4.75 4 1 42.11 1.83 4.85 2.77 5   0   1   0   1   0   0   0   0   0   0   3   1   0   0   0   0   1   0   0   1
6 179.10 104.12 49.77 54.34 59.48 40.36 19.11 119 3.97 0.53 0.45 49.06 36.00 4.75 4 1 42.11 1.47 4.67 5.33 5   0   1   0   1   0   0   0   0   0   0   3   1   0   0   0   0   1   0   0   1
7 0.00 0.00 0.00 0.00 0.00 0.00 0.00 0 0.00 0.00 0.00 0.00 0.00 0.00 0 0 0.00 0.00 -1.00 0.00 0   0   0   0   0   0   0   0   0   0   0   0   0   0   0   0   0   0   0   0   0
8 195.50 133.78 83.06 50.72 71.16 57.78 13.38 102 3.85 0.50 0.13 10.31 36.00 4.75 4 1 45.00 1.97 7.14 5.85 5   0   1   0   1   0   0   0   0   0   0   3   1   0   0   0   0   1   0   0   1
9 243.87 144.25 76.63 67.63 80.83 55.99 24.85 75 3.85 0.44 0.03 0.00 26.50 4.38 4 1 44.44 2.45 7.17 8.51 3   0   1   0   1   0   0   0   1   0   0   3   1   0   0   0   0   1   0   0   0
10 230.75 137.99 67.94 70.04 69.87 29.73 40.14 133 3.92 0.49 0.12 13.38 36.00 4.75 4 1 40.91 2.06 6.58 9.67 7   0   1   0   1   0   0   0   0   0   0   3   1   0   0   0   0   1   0   0   1
11 258.15 169.15 99.11 70.04 96.22 75.20 21.02 114 3.76 0.51 0.09 6.60 32.00 4.33 4 1 47.83 2.45 8.09 15.44 6   0   1   0   1   0   0   0   1   0   0   3   1   0   0   0   0   1   0   0   1
12 281.01 144.60 73.35 71.25 86.91 52.51 34.40 95 3.94 0.55 0.13 8.50 27.40 4.60 5 2 57.14 2.22 6.80 17.93 7   0   2   0   1   0   0   0   1   0   0   3   1   0   0   0   0   1   0   0   1
13 255.94 129.72 64.51 65.21 96.44 50.57 45.87 135 3.94 0.51 0.24 28.31 32.00 4.33 4 1 40.91 1.93 7.47 14.00 6   0   1   0   1   0   0   0   1   0   0   3   1   0   0   0   0   1   0   0   1
14 244.25 137.33 82.99 54.34 97.26 62.86 34.40 119 3.94 0.55 0.07 4.00 32.00 4.33 4 1 50.00 1.99 7.32 9.99 7   0   1   0   1   0   0   0   1   0   0   3   1   0   0   0   0   1   0   0   1
15 223.26 115.92 42.25 73.67 59.38 21.15 38.23 105 3.77 0.42 0.26 23.11 36.00 4.75 4 1 35.00 2.18 5.82 9.84 6   0   1   0   1   0   0   0   0   0   0   3   1   0   0   0   0   1   0   0   1
16 236.96 148.96 75.29 73.67 96.82 47.12 49.69 109 4.08 0.52 0.20 18.18 32.00 4.33 4 1 47.62 2.13 5.85 10.62 6   0   1   0   1   0   0   0   1   0   0   3   1   0   0   0   0   1   0   0   1
17 283.80 163.28 89.62 73.67 107.04 63.08 43.96 152 3.98 0.55 0.19 24.62 32.00 4.33 4 1 50.00 2.11 6.36 19.27 8   0   1   0   1   0   0   0   1   0   0   3   1   0   0   0   0   1   0   0   1
18 202.83 121.70 72.19 49.51 64.87 41.93 22.94 63 3.72 0.50 0.17 6.55 16.43 4.29 4 1 50.00 2.50 6.20 7.47 5   0   1   0   1   0   0   0   1   0   0   2   1   0   0   0   0   1   0   0   0
19 230.41 147.18 79.55 67.63 75.76 47.09 28.67 141 3.85 0.47 0.12 14.00 32.00 4.33 4 1 43.48 2.35 6.68 13.26 7   0   1   0   1   0   0   0   1   0   0   3   1   0   0   0   0   1   0   0   1
20 269.54 146.06 69.98 76.08 102.69 45.35 57.34 110 3.91 0.53 0.17 15.68 32.00 4.33 4 1 40.91 2.06 6.78 11.90 6   0   1   0   1   0   0   0   1   0   0   3   1   0   0   0   0   1   0   0   1
21 256.86 152.24 78.57 73.67 102.51 68.10 34.40 88 3.85 0.50 0.11 4.80 23.88 4.25 4 1 50.00 2.10 7.05 7.20 5   0   1   0   1   0   0   0   1   0   0   2   1   0   0   0   0   1   0   0   1
22 0.00 0.00 0.00 0.00 0.00 0.00 0.00 0 0.00 0.00 0.00 0.00 0.00 0.00 0 0 0.00 0.00 -1.00 0.00 0   0   0   0   0   0   0   0   0   0   0   0   0   0   0   0   0   0   0   0   0
23 144.69 109.36 46.56 62.80 30.94 17.56 13.38 68 3.59 0.41 0.34 19.04 32.00 4.33 4 1 44.44 2.29 5.12 5.12 4   0   1   0   1   0   0   0   1   0   0   3   1   0   0   0   0   1   0   0   1
24 231.42 130.24 62.61 67.63 83.46 49.06 34.40 126 3.93 0.50 0.16 16.50 32.00 4.33 4 1 42.86 2.19 5.70 13.39 5   0   1   0   1   0   0   0   1   0   0   3   1   0   0   0   0   1   0   0   1
25 233.50 131.45 71.07 60.38 81.47 48.97 32.49 111 3.76 0.47 0.21 19.04 32.00 4.33 4 1 40.91 2.63 7.12 12.78 6   0   1   0   1   0   0   0   1   0   0   3   1   0   0   0   0   1   0   0   1
26 228.18 114.12 56.16 57.97 61.94 33.27 28.67 91 3.78 0.48 0.26 20.58 36.00 4.75 4 1 39.13 1.90 5.95 10.86 7   0   1   0   1   0   0   0   0   0   0   3   1   0   0   0   0   1   0   0   1
27 251.93 147.56 67.86 79.70 94.62 50.66 43.96 95 4.36 0.61 0.48 42.09 36.00 4.75 4 1 50.00 1.39 5.67 7.27 7   0   1   0   1   0   0   0   0   0   0   3   1   0   0   0   0   1   0   0   1
28 165.06 133.88 63.84 70.04 29.34 14.05 15.29 94 3.74 0.43 0.53 45.20 32.00 4.33 4 1 35.29 2.06 5.83 6.35 4   0   1   0   1   0   0   0   1   0   0   3   1   0   0   0   0   1   0   0   1
29 229.16 157.70 85.24 72.46 84.60 57.84 26.76 157 3.85 0.50 0.09 9.57 36.00 4.75 4 1 50.00 2.26 7.20 9.37 7   0   1   0   1   0   0   0   0   0   0   3   1   0   0   0   0   1   0   0   1
30 233.43 152.57 76.49 76.08 84.69 54.11 30.58 115 3.90 0.52 0.63 67.08 36.00 4.75 4 1 52.63 2.14 5.80 12.04 6   0   1   0   1   0   0   0   0   0   0   3   1   0   0   0   0   1   0   0   1
31 329.10 149.08 65.76 83.33 99.40 61.17 38.23 122 4.02 0.52 0.20 20.96 32.00 4.33 4 1 40.91 2.20 7.55 19.36 5   0   1   0   1   0   0   0   1   0   0   3   1   0   0   0   0   1   0   0   1
32 125.83 91.84 60.44 31.40 21.01 21.01 0.00 99 3.70 0.49 0.12 8.00 36.00 4.75 4 1 50.00 1.50 6.16 3.29 6   0   1   0   1   0   0   0   0   0   0   3   1   0   0   0   0   1   0   0   1
33 283.06 163.03 79.71 83.33 93.05 47.18 45.87 148 3.85 0.49 0.08 6.83 32.00 4.33 4 1 45.83 2.70 7.15 21.94 8   0   1   0   1   0   0   0   1   0   0   3   1   0   0   0   0   1   0   0   1
34 239.95 180.85 62.50 118.35 88.84 31.50 57.34 106 4.10 0.59 0.42 40.71 36.00 4.75 4 1 40.91 2.09 6.03 8.01 6   0   1   0   1   0   0   0   0   0   0   3   1   0   0   0   0   1   0   0   1
35 143.66 110.42 76.60 33.81 51.37 43.73 7.65 75 3.64 0.44 0.11 4.00 19.17 4.83 4 1 50.00 2.11 5.45 3.04 4   0   1   0   1   0   0   0   0   0   0   2   1   0   0   0   0   1   0   0   0
36 308.40 170.22 89.31 80.91 123.19 71.58 51.61 117 3.96 0.53 0.18 16.67 32.00 4.33 4 1 42.86 2.20 6.37 15.28 5   0   1   0   1   0   0   0   1   0   0   3   1   0   0   0   0   1   0   0   1
37 132.71 103.28 56.18 47.10 12.89 5.25 7.65 67 3.74 0.46 0.18 7.83 36.00 4.75 4 1 43.75 1.65 4.48 4.08 4   0   1   0   1   0   0   0   0   0   0   3   1   0   0   0   0   1   0   0   1
38 105.57 64.93 32.32 32.61 9.38 1.74 7.65 66 3.52 0.34 0.20 9.54 49.00 5.00 3 2 43.75 1.97 4.83 1.41 5   0   1   0   0   0   0   0   0   0   0   3   1   0   0   0   0   1   0   0   1
39 151.64 132.95 68.95 64.00 21.76 12.20 9.56 112 3.75 0.45 0.20 18.27 36.00 4.75 4 1 40.00 1.89 4.64 7.34 6   0   1   0   1   0   0   0   0   0   0   3   1   0   0   0   0   1   0   0   1
40 151.20 97.60 33.59 64.00 53.93 17.62 36.32 132 3.90 0.54 0.26 29.29 36.00 4.75 4 1 36.84 1.59 4.25 3.12 5   0   1   0   1   0   0   0   0   0   0   3   1   0   0   0   0   1   0   0   1
41 232.69 139.87 63.79 76.08 82.24 42.10 40.14 134 4.00 0.51 0.22 25.67 36.00 4.75 4 1 42.11 1.93 6.01 6.55 6   0   1   0   1   0   0   0   0   0   0   3   1   0   0   0   0   1   0   0   1
42 177.33 92.51 36.96 55.55 53.64 21.15 32.49 115 3.85 0.46 0.42 41.62 36.00 4.75 4 1 36.84 1.88 4.34 4.83 4   0   1   0   1   0   0   0   0   0   0   3   1   0   0   0   0   1   0   0   1
43 249.29 138.21 57.30 80.91 78.39 42.07 36.32 128 4.00 0.53 0.39 45.60 36.00 4.75 4 1 38.10 2.28 6.48 6.48 4   0   1   0   1   0   0   0   0   0   0   3   1   0   0   0   0   1   0   0   1
44 172.97 126.68 72.34 54.34 55.05 45.50 9.56 135 3.90 0.55 0.19 22.08 36.00 4.75 4 1 42.86 1.65 5.26 5.33 6   0   1   0   1   0   0   0   0   0   0   3   1   0   0   0   0   1   0   0   1
45 192.39 132.91 80.98 51.93 90.69 73.49 17.20 122 3.80 0.49 0.26 26.38 36.00 4.75 4 1 47.62 2.07 5.89 5.43 7   0   1   0   1   0   0   0   0   0   0   3   1   0   0   0   0   1   0   0   1
46 274.28 156.89 79.60 77.29 105.88 52.37 53.52 121 3.80 0.47 0.21 21.62 32.00 4.33 4 1 45.45 2.72 6.91 14.65 6   0   1   0   1   0   0   0   1   0   0   3   1   0   0   0   0   1   0   0   1
47 279.70 172.05 66.98 105.06 120.41 42.05 78.37 149 3.87 0.53 0.49 69.10 32.00 4.33 4 1 41.67 2.52 6.87 24.54 8   0   1   0   1   0   0   0   1   0   0   3   1   0   0   0   0   1   0   0   1
48 205.16 138.26 56.14 82.12 70.07 28.02 42.05 124 3.80 0.47 0.37 41.91 36.00 4.75 4 1 45.00 2.38 6.12 7.97 7   0   1   0   1   0   0   0   0   0   0   3   1   0   0   0   0   1   0   0   1
49 283.26 152.57 57.16 95.40 88.38 36.77 51.61 118 3.76 0.47 0.47 50.69 32.00 4.33 4 1 40.91 2.32 6.58 17.49 6   0   1   0   1   0   0   0   1   0   0   3   1   0   0   0   0   1   0   0   1
50 154.09 109.26 25.94 83.33 46.69 12.29 34.40 95 3.84 0.47 0.52 45.02 32.00 4.33 4 1 42.11 1.70 4.25 3.57 6   0   1   0   1   0   0   0   1   0   0   3   1   0   0   0   0   1   0   0   1
51 276.85 154.48 40.96 113.52 99.92 15.82 84.10 117 3.98 0.51 0.21 20.17 32.00 4.33 4 1 40.00 2.21 5.99 9.03 5   0   1   0   1   0   0   0   1   0   0   3   1   0   0   0   0   1   0   0   1
52 210.90 129.25 39.89 89.36 76.49 21.06 55.43 128 3.91 0.58 0.26 28.06 32.00 4.33 4 1 40.91 1.98 5.30 10.59 6   0   1   0   1   0   0   0   1   0   0   3   1   0   0   0   0   1   0   0   1
53 197.11 161.43 63.61 97.82 38.09 22.80 15.29 117 3.71 0.42 0.32 32.81 32.90 4.10 4 1 43.48 2.39 7.40 12.32 7   1   1   0   1   0   0   0   1   0   0   3   1   0   0   0   0   1   0   0   1
54 280.59 152.66 56.05 96.61 88.67 33.24 55.43 161 3.85 0.49 0.31 46.04 32.00 4.33 4 1 40.91 2.39 7.46 19.73 6   0   1   0   1   0   0   0   1   0   0   3   1   0   0   0   0   1   0   0   1
55 0.00 0.00 0.00 0.00 0.00 0.00 0.00 0 0.00 0.00 0.00 0.00 0.00 0.00 0 0 0.00 0.00 -1.00 0.00 0   0   0   0   0   0   0   0   0   0   0   0   0   0   0   0   0   0   0   0   0
56 201.83 141.58 58.26 83.33 73.12 36.80 36.32 100 3.70 0.49 0.53 49.13 32.00 4.33 4 1 42.86 2.47 6.60 9.85 7   0   1   0   1   0   0   0   1   0   0   3   1   0   0   0   0   1   0   0   1
57 138.49 106.51 38.88 67.63 42.92 12.34 30.58 89 3.84 0.46 0.19 12.35 36.00 4.75 4 1 41.18 1.66 3.77 2.48 6   0   1   0   1   0   0   0   0   0   0   3   1   0   0   0   0   1   0   0   1
58 178.81 136.89 57.19 79.70 56.58 29.82 26.76 107 3.72 0.48 0.24 22.15 36.00 4.75 4 1 47.62 2.12 6.71 6.31 7   0   1   0   1   0   0   0   0   0   0   3   1   0   0   0   0   1   0   0   1
59 161.14 147.25 62.72 84.53 43.05 31.58 11.47 97 3.61 0.39 0.28 22.15 36.00 4.75 4 1 52.63 2.17 6.86 8.37 8   0   1   0   1   0   0   0   0   0   0   3   1   0   0   0   0   1   0   0   1
60 182.19 129.18 51.89 77.29 52.87 28.02 24.85 110 3.57 0.42 0.34 32.76 32.00 4.33 4 1 45.45 2.36 7.01 9.64 7   0   1   0   1   0   0   0   1   0   0   3   1   0   0   0   0   1   0   0   1
61 219.64 133.08 47.34 85.74 66.48 24.43 42.05 137 3.72 0.50 0.52 66.14 32.00 4.33 4 1 43.48 2.22 6.90 9.97 8   0   1   0   1   0   0   0   1   0   0   3   1   0   0   0   0   1   0   0   1
62 287.81 159.34 69.98 89.36 107.58 34.95 72.63 136 3.90 0.51 0.18 21.68 32.00 4.33 4 1 40.00 2.55 7.21 14.69 8   0   1   0   1   0   0   0   1   0   0   3   1   0   0   0   0   1   0   0   1
63 135.13 88.80 35.67 53.14 11.01 5.27 5.73 129 3.73 0.46 0.29 31.24 36.00 4.75 4 1 42.11 1.68 3.86 3.19 5   0   1   0   1   0   0   0   0   0   0   3   1   0   0   0   0   1   0   0   1
64 170.34 128.06 30.24 97.82 58.45 8.75 49.69 117 4.15 0.53 0.32 34.11 36.00 4.75 4 1 38.89 1.18 3.68 3.59 5   0   1   0   1   0   0   0   0   0   0   3   1   0   0   0   0   1   0   0   1
65 261.51 181.46 66.74 114.72 101.36 40.19 61.16 115 4.13 0.63 0.17 16.00 32.00 4.33 4 1 39.13 1.84 5.76 13.78 6   0   1   0   1   0   0   0   1   0   0   3   1   0   0   0   0   1   0   0   1
66 257.10 209.93 81.92 128.01 74.07 26.28 47.78 141 3.87 0.45 0.35 44.61 32.00 4.33 4 1 39.13 2.29 7.20 21.44 5   0   1   0   1   0   0   0   1   0   0   3   1   0   0   0   0   1   0   0   1
67 218.23 157.99 63.79 94.19 79.34 31.56 47.78 139 4.07 0.52 0.54 70.64 36.00 4.75 4 1 40.91 1.74 6.24 11.65 5   0   1   0   1   0   0   0   0   0   0   3   1   0   0   0   0   1   0   0   1
68 246.47 163.98 62.54 101.44 83.02 33.32 49.69 92 3.99 0.49 0.52 44.00 32.00 4.33 4 1 42.11 2.17 6.57 10.62 6   0   1   0   1   0   0   0   1   0   0   3   1   0   0   0   0   1   0   0   1
69 276.11 157.15 59.33 97.82 107.49 36.77 70.72 109 3.89 0.50 0.28 26.00 32.00 4.33 4 1 42.86 2.37 6.80 10.94 6   0   1   0   1   0   0   0   1   0   0   3   1   0   0   0   0   1   0   0   1
70 153.31 103.09 27.01 76.08 18.94 1.74 17.20 82 3.70 0.43 0.29 20.00 36.00 4.75 4 1 41.18 1.66 6.62 3.20 7   0   1   0   1   0   0   0   0   0   0   3   1   0   0   0   0   1   0   0   1
71 149.47 113.67 49.66 64.00 34.59 19.30 15.29 99 3.77 0.44 0.23 18.17 36.00 4.75 4 1 38.89 1.86 5.58 3.74 5   0   1   0   1   0   0   0   0   0   0   3   1   0   0   0   0   1   0   0   1
72 126.44 93.84 23.79 70.04 16.89 3.51 13.38 89 3.80 0.54 0.43 34.00 36.00 4.75 4 1 36.84 1.57 3.58 3.37 4   0   1   0   1   0   0   0   0   0   0   3   1   0   0   0   0   1   0   0   1
73 121.76 92.18 37.83 54.34 7.47 1.74 5.73 104 3.65 0.45 0.21 17.55 36.00 4.75 4 1 42.11 1.66 4.64 3.79 6   0   1   0   1   0   0   0   0   0   0   3   1   0   0   0   0   1   0   0   1
74 204.52 125.70 49.62 76.08 60.08 33.32 26.76 125 3.68 0.49 0.30 32.89 32.00 4.33 4 1 40.91 2.49 7.08 8.51 6   0   1   0   1   0   0   0   1   0   0   3   1   0   0   0   0   1   0   0   1
75 158.26 117.49 37.79 79.70 52.60 10.55 42.05 111 3.73 0.54 0.27 26.20 36.00 4.75 4 1 47.37 1.72 4.86 5.35 7   0   1   0   1   0   0   0   0   0   0   3   1   0   0   0   0   1   0   0   1
76 235.11 164.39 70.20 94.20 75.06 36.83 38.23 118 3.72 0.46 0.29 30.06 32.00 4.33 4 1 45.45 2.50 7.09 18.61 7   0   1   0   1   0   0   0   1   0   0   3   1   0   0   0   0   1   0   0   1
77 254.72 150.38 54.98 95.40 75.95 26.25 49.69 130 3.90 0.50 0.43 51.71 32.00 4.33 4 1 40.91 2.14 6.61 21.09 6   0   1   0   1   0   0   0   1   0   0   3   1   0   0   0   0   1   0   0   1
78 225.21 141.85 45.24 96.61 83.62 26.28 57.34 118 3.88 0.48 0.32 33.84 32.00 4.33 4 1 40.91 2.28 6.26 13.97 6   0   1   0   1   0   0   0   1   0   0   3   1   0   0   0   0   1   0   0   1
79 231.60 172.76 70.11 102.65 92.57 33.32 59.25 100 3.73 0.45 0.37 32.27 36.00 4.75 4 1 42.86 2.53 7.07 16.88 6   0   1   0   1   0   0   0   0   0   0   3   1   0   0   0   0   1   0   0   1
80 107.65 78.28 21.52 56.76 1.91 0.00 1.91 101 3.61 0.42 0.37 32.76 49.00 5.00 3 2 41.18 1.57 3.90 2.66 5   0   1   0   0   0   0   0   0   0   0   3   1   0   0   0   0   1   0   0   1
81 194.97 129.75 57.30 72.46 64.08 31.58 32.49 143 3.81 0.46 0.29 37.71 32.00 4.33 4 1 42.86 2.04 6.34 10.48 6   0   1   0   1   0   0   0   1   0   0   3   1   0   0   0   0   1   0   0   1
82 282.58 155.37 63.59 91.78 92.29 34.95 57.34 163 3.76 0.48 0.44 65.83 32.00 4.33 4 1 39.13 2.54 7.40 23.18 6   0   1   0   1   0   0   0   1   0   0   3   1   0   0   0   0   1   0   0   1
83 161.18 116.47 36.76 79.70 50.25 15.85 34.40 138 3.85 0.48 0.48 61.06 36.00 4.75 4 1 40.00 1.86 4.43 4.54 7   0   1   0   1   0   0   0   0   0   0   3   1   0   0   0   0   1   0   0   1
84 153.16 129.14 40.98 88.16 44.81 12.31 32.49 78 3.71 0.41 0.24 15.05 36.00 4.75 4 1 38.89 2.44 5.80 4.75 4   0   1   0   1   0   0   0   0   0   0   3   1   0   0   0   0   1   0   0   1
85 284.58 174.47 54.91 119.56 72.93 17.50 55.43 130 3.81 0.50 0.57 69.62 32.00 4.33 4 1 45.45 2.26 7.72 22.51 8   0   1   0   1   0   0   0   1   0   0   3   1   0   0   0   0   1   0   0   1
86 143.13 111.89 33.39 78.50 11.18 3.53 7.65 69 3.59 0.37 0.42 25.52 36.00 4.75 4 1 43.75 2.09 5.54 4.02 7   0   1   0   1   0   0   0   0   0   0   3   1   0   0   0   0   1   0   0   1
87 122.79 103.19 46.43 56.76 41.18 10.60 30.58 68 3.71 0.45 0.00 0.00 36.00 4.75 4 1 46.67 1.69 3.68 2.07 6   0   1   0   1   0   0   0   0   0   0   3   1   0   0   0   0   1   0   0   1
88 124.66 89.47 27.88 61.59 12.86 5.22 7.65 117 3.76 0.47 0.31 32.17 36.00 4.75 4 1 38.89 1.47 3.66 2.24 7   0   1   0   1   0   0   0   0   0   0   3   1   0   0   0   0   1   0   0   1
89 276.51 152.61 56.00 96.61 79.11 33.24 45.87 140 3.69 0.48 0.37 46.73 32.00 4.33 4 1 40.91 2.68 7.55 18.63 6   0   1   0   1   0   0   0   1   0   0   3   1   0   0   0   0   1   0   0   1
90 130.97 107.32 39.69 67.63 38.93 12.17 26.76 88 3.83 0.47 0.26 19.04 49.00 5.00 3 2 43.75 1.72 3.60 2.52 4   0   1   0   0   0   0   0   0   0   0   3   1   0   0   0   0   1   0   0   1
91 209.90 147.07 52.88 94.19 47.28 26.25 21.02 117 3.63 0.42 0.52 56.66 32.00 4.33 4 1 45.45 2.72 6.96 14.97 7   0   1   0   1   0   0   0   1   0   0   3   1   0   0   0   0   1   0   0   1
92 263.89 147.96 65.85 82.12 102.86 45.52 57.34 144 4.01 0.56 0.17 21.36 32.00 4.33 4 1 41.67 1.93 6.92 11.07 8   0   1   0   1   0   0   0   1   0   0   3   1   0   0   0   0   1   0   0   1
93 284.38 166.01 54.91 111.10 109.46 34.92 74.54 110 3.97 0.50 0.28 27.29 32.00 4.33 4 1 45.83 2.71 7.90 28.90 8   0   1   0   1   0   0   0   1   0   0   3   1   0   0   0   0   1   0   0   1
94 108.53 81.56 23.59 57.97 11.30 1.74 9.56 89 3.65 0.45 0.51 40.04 49.00 5.00 3 2 43.75 1.50 3.62 1.48 6   0   1   0   0   0   0   0   0   0   0   3   1   0   0   0   0   1   0   0   1
95 176.62 134.97 52.86 82.12 49.22 26.28 22.94 156 3.82 0.51 0.21 28.25 32.00 4.33 4 1 43.48 2.03 6.32 8.95 5   0   1   0   1   0   0   0   1   0   0   3   1   0   0   0   0   1   0   0   1
96 127.86 105.35 48.59 56.76 14.34 10.52 3.82 78 3.55 0.36 0.28 17.45 36.00 4.75 4 1 46.67 2.26 5.86 3.85 4   0   1   0   1   0   0   0   0   0   0   3   1   0   0   0   0   1   0   0   1
97 181.23 165.71 69.10 96.61 32.79 17.50 15.29 133 3.78 0.44 0.23 27.29 36.00 4.75 4 1 45.45 2.37 6.92 9.23 6   0   1   0   1   0   0   0   0   0   0   3   1   0   0   0   0   1   0   0   1
98 190.09 142.97 46.36 96.61 57.84 15.79 42.05 126 3.91 0.48 0.33 37.14 32.00 4.33 4 1 35.00 2.15 5.26 8.75 5   0   1   0   1   0   0   0   1   0   0   3   1   0   0   0   0   1   0   0   1
99 453.41 213.66 131.54 82.12 141.16 106.75 34.40 127 4.05 0.55 0.13 12.50 32.00 4.33 4 1 47.83 2.64 8.26 24.72 4   0   1   0   1   0   0   0   1   0   0   3   1   0   0   0   0   1   0   0   1
