snapshot pock_volume pock_asa pock_pol_asa pock_apol_asa pock_asa22 pock_pol_asa22 pock_apol_asa22 nb_AS mean_as_ray mean_as_solv_acc apol_as_prop mean_loc_hyd_dens hydrophobicity_score volume_score polarity_score charge_score prop_polar_atm as_density as_max_dst convex_hull_volume nb_abpa ALA ARG ASN ASP CYS GLN GLU GLY HIS ILE LEU LYS MET PHE PRO SER THR TRP TYR VAL
1 257.68 160.39 72.23 88.16 102.00 54.22 47.78 139 4.02 0.54 0.20 23.43 32.00 4.33 4 1 40.91 2.04 5.50 21.07 4   0   1   0   1   0   0   0   1   0   0   3   1   0   0   0   0   1   0   0   1
2 220.10 158.08 61.47 96.61 65.73 33.24 32.49 138 3.75 0.47 0.37 47.18 32.00 4.33 4 1 41.67 2.74 7.51 10.32 7   0   1   0   1   0   0   0   1   0   0   3   1   0   0   0   0   1   0   0   1
3 236.60 154.34 51.70 102.65 64.16 29.76 34.40 115 3.74 0.47 0.33 33.68 32.00 4.33 4 1 42.86 2.44 8.03 8.95 6   0   1   0   1   0   0   0   1   0   0   3   1   0   0   0   0   1   0   0   1
4 197.14 144.99 41.14 103.86 81.97 24.63 57.34 126 4.20 0.58 0.32 36.20 36.00 4.75 4 1 38.10 1.64 4.28 6.45 7   0   1   0   1   0   0   0   0   0   0   3   1   0   0   0   0   1   0   0   1
5 257.30 168.11 58.21 109.89 75.29 33.24 42.05 122 3.71 0.44 0.42 46.27 32.00 4.33 4 1 40.91 2.54 7.38 15.63 4   0   1   0   1   0   0   0   1   0   0   3   1   0   0   0   0   1   0   0   1
6 0.00 0.00 0.00 0.00 0.00 0.00 0.00 0 0.00 0.00 0.00 0.00 0.00 0.00 0 0 0.00 0.00 -1.00 0.00 0   0   0   0   0   0   0   0   0   0   0   0   0   0   0   0   0   0   0   0   0
7 234.93 174.97 72.32 102.65 83.69 47.38 36.32 131 4.19 0.55 0.33 38.42 36.00 4.75 4 1 39.13 1.91 5.32 7.70 5   0   1   0   1   0   0   0   0   0   0   3   1   0   0   0   0   1   0   0   1
8 183.16 130.55 71.38 59.17 46.64 35.17 11.47 109 3.89 0.49 0.31 30.18 36.00 4.75 4 1 42.11 1.89 5.24 10.32 3   0   1   0   1   0   0   0   0   0   0   3   1   0   0   0   0   1   0   0   1
9 306.87 202.24 104.42 97.82 121.33 71.64 49.69 110 3.91 0.46 0.16 12.44 32.00 4.33 4 1 40.91 2.59 6.94 26.49 4   0   1   0   1   0   0   0   1   0   0   3   1   0   0   0   0   1   0   0   1
10 135.20 104.53 45.36 59.17 31.25 14.05 17.20 159 3.70 0.48 0.34 48.30 36.00 4.75 4 1 36.84 2.04 5.23 4.91 4   0   1   0   1   0   0   0   0   0   0   3   1   0   0   0   0   1   0   0   1
11 262.21 125.90 61.89 64.00 78.67 42.36 36.32 92 3.90 0.53 0.29 22.96 36.00 4.75 4 1 45.00 1.89 6.22 8.76 6   0   1   0   1   0   0   0   0   0   0   3   1   0   0   0   0   1   0   0   1
12 317.21 167.86 108.68 59.17 111.91 88.97 22.94 112 3.83 0.49 0.04 2.50 32.00 4.33 4 1 47.62 2.41 7.68 25.17 4   0   1   0   1   0   0   0   1   0   0   3   1   0   0   0   0   1   0   0   1
13 242.63 167.34 94.89 72.46 89.99 61.32 28.67 141 3.93 0.51 0.20 23.07 36.00 4.75 4 1 42.86 2.06 5.95 9.86 5   0   1   0   1   0   0   0   0   0   0   3   1   0   0   0   0   1   0   0   1
14 179.75 124.78 76.47 48.31 62.32 48.95 13.38 103 3.74 0.45 0.02 0.00 36.00 4.75 4 1 52.94 2.17 6.84 4.29 5   0   1   0   1   0   0   0   0   0   0   3   1   0   0   0   0   1   0   0   1
15 269.13 176.37 99.08 77.29 108.32 68.19 40.14 86 3.96 0.51 0.05 0.00 32.00 4.33 4 1 45.00 2.38 5.81 10.87 3   0   1   0   1   0   0   0   1   0   0   3   1   0   0   0   0   1   0   0   1
16 327.09 208.99 117.21 91.78 118.70 78.56 40.14 128 4.10 0.54 0.11 9.14 32.00 4.33 4 1 43.48 2.50 6.81 16.81 3   0   1   0   1   0   0   0   1   0   0   3   1   0   0   0   0   1   0   0   1
17 261.86 150.18 75.31 74.87 76.34 41.93 34.40 76 4.03 0.53 0.22 13.76 32.00 4.33 4 1 42.11 2.51 5.66 8.80 4   0   1   0   1   0   0   0   1   0   0   3   1   0   0   0   0   1   0   0   1
18 278.84 166.34 81.81 84.53 100.03 54.16 45.87 100 3.94 0.50 0.20 15.70 32.00 4.33 4 1 45.45 2.33 6.31 21.73 6   0   1   0   1   0   0   0   1   0   0   3   1   0   0   0   0   1   0   0   1
19 282.70 128.57 66.98 61.59 79.61 49.03 30.58 128 4.10 0.57 0.23 24.83 32.00 4.33 4 1 42.86 1.70 6.67 9.93 4   0   1   0   1   0   0   0   1   0   0   3   1   0   0   0   0   1   0   0   1
20 192.23 119.62 80.98 38.64 73.10 57.81 15.29 64 3.73 0.45 0.05 0.00 27.29 4.71 4 1 47.06 2.53 5.93 4.17 3   0   1   0   1   0   0   0   0   0   0   2   1   0   0   0   0   1   0   0   1
21 108.77 83.68 48.66 35.02 25.00 19.27 5.73 75 3.77 0.53 0.35 19.46 36.00 4.75 4 1 53.33 1.18 2.89 1.76 5   0   1   0   1   0   0   0   0   0   0   3   1   0   0   0   0   1   0   0   1
22 296.97 145.19 79.97 65.21 97.63 61.32 36.32 100 3.87 0.51 0.07 4.00 32.00 4.33 4 1 47.62 2.44 6.28 22.45 6   0   1   0   1   0   0   0   1   0   0   3   1   0   0   0   0   1   0   0   1
23 146.35 92.95 51.89 41.06 45.77 22.83 22.94 129 3.69 0.49 0.09 7.27 36.00 4.75 4 1 45.00 1.83 5.86 3.51 6   0   1   0   1   0   0   0   0   0   0   3   1   0   0   0   0   1   0   0   1
24 122.00 103.10 56.00 47.10 47.42 24.49 22.94 87 3.81 0.49 0.20 12.71 30.29 4.86 4 1 46.67 1.27 2.80 2.47 4   0   1   0   1   0   0   0   0   0   0   3   1   0   0   0   0   1   0   0   0
25 177.54 116.60 63.46 53.14 66.38 45.35 21.02 97 3.78 0.50 0.11 7.27 32.00 4.33 4 1 47.37 1.94 5.31 5.36 6   0   1   0   1   0   0   0   1   0   0   3   1   0   0   0   0   1   0   0   1
26 233.04 145.57 77.94 67.63 68.14 50.94 17.20 103 4.06 0.52 0.25 22.54 36.00 4.75 4 1 45.00 1.95 4.96 8.70 5   0   1   0   1   0   0   0   0   0   0   3   1   0   0   0   0   1   0   0   1
27 192.77 99.90 45.55 54.34 50.99 28.05 22.94 79 3.75 0.42 0.10 4.00 36.00 4.75 4 1 46.67 1.64 4.99 3.44 4   0   1   0   1   0   0   0   0   0   0   3   1   0   0   0   0   1   0   0   1
28 290.20 124.65 71.51 53.14 59.50 40.39 19.11 79 3.68 0.44 0.09 3.43 32.00 4.33 4 1 45.00 2.78 7.76 12.15 7   0   1   0   1   0   0   0   1   0   0   3   1   0   0   0   0   1   0   0   1
29 311.98 154.57 111.09 43.47 112.58 104.93 7.65 95 3.79 0.46 0.07 4.57 32.00 4.33 4 1 47.62 3.17 9.04 14.77 5   0   1   0   1   0   0   0   1   0   0   3   1   0   0   0   0   1   0   0   1
30 196.10 141.35 88.21 53.14 55.46 40.17 15.29 93 3.75 0.40 0.12 7.27 32.00 4.33 4 1 38.89 2.50 7.15 8.27 2   0   1   0   1   0   0   0   1   0   0   3   1   0   0   0   0   1   0   0   1
31 131.00 78.67 38.82 39.85 36.36 21.06 15.29 83 3.68 0.53 0.37 26.71 36.00 4.75 4 1 50.00 1.73 4.10 3.02 6   0   1   0   1   0   0   0   0   0   0   3   1   0   0   0   0   1   0   0   1
32 223.31 124.25 71.11 53.14 72.00 47.15 24.85 108 3.90 0.52 0.04 0.00 32.00 4.33 4 1 47.37 2.12 6.08 6.67 6   0   1   0   1   0   0   0   1   0   0   3   1   0   0   0   0   1   0   0   1
33 317.49 163.70 83.99 79.70 103.86 54.16 49.69 136 3.92 0.50 0.15 17.10 36.00 4.75 4 1 44.00 2.42 7.34 15.46 7   0   1   0   1   0   0   0   0   0   0   3   1   0   0   0   0   1   0   0   1
34 180.62 122.47 78.99 43.47 47.55 45.64 1.91 85 3.77 0.42 0.08 3.43 36.00 4.75 4 1 50.00 1.52 6.39 3.81 4   0   1   0   1   0   0   0   0   0   0   3   1   0   0   0   0   1   0   0   1
35 292.04 185.55 93.77 91.78 111.60 73.38 38.23 100 3.89 0.47 0.01 0.00 36.00 4.75 4 1 45.00 2.56 7.05 22.20 6   0   1   0   1   0   0   0   0   0   0   3   1   0   0   0   0   1   0   0   1
36 207.93 159.92 74.17 85.74 68.58 41.82 26.76 115 3.86 0.49 0.11 8.15 32.00 4.33 4 1 45.45 2.50 6.97 8.21 7   0   1   0   1   0   0   0   1   0   0   3   1   0   0   0   0   1   0   0   1
37 271.88 144.33 63.42 80.91 95.37 41.85 53.52 126 3.94 0.48 0.15 15.47 32.00 4.33 4 1 47.62 2.46 6.66 16.40 7   0   1   0   1   0   0   0   1   0   0   3   1   0   0   0   0   1   0   0   1
38 270.19 161.03 86.16 74.87 108.30 68.16 40.14 127 3.94 0.50 0.10 8.00 32.00 4.33 4 1 47.83 2.41 7.52 16.19 6   0   1   0   1   0   0   0   1   0   0   3   1   0   0   0   0   1   0   0   1
39 162.83 95.17 51.70 43.47 48.44 33.15 15.29 73 3.83 0.57 0.00 0.00 32.00 4.33 4 1 47.06 2.05 4.49 3.14 6   0   1   0   1   0   0   0   1   0   0   3   1   0   0   0   0   1   0   0   1
40 170.23 114.40 43.15 71.25 51.79 19.30 32.49 103 3.82 0.45 0.21 17.45 32.00 4.33 4 1 42.11 2.30 5.07 6.07 7   0   1   0   1   0   0   0   1   0   0   3   1   0   0   0   0   1   0   0   1
41 278.17 153.87 109.19 44.68 104.25 94.69 9.56 98 3.74 0.50 0.06 2.67 32.00 4.33 4 1 50.00 2.60 7.98 24.40 6   0   1   0   1   0   0   0   1   0   0   3   1   0   0   0   0   1   0   0   1
42 176.02 124.46 58.04 66.42 69.79 29.65 40.14 89 3.84 0.52 0.25 17.36 16.43 4.29 4 1 47.06 1.67 4.26 6.06 5   0   1   0   1   0   0   0   1   0   0   2   1   0   0   0   0   1   0   0   0
43 288.14 146.41 48.59 97.82 86.47 36.77 49.69 140 3.97 0.61 0.49 64.55 32.00 4.33 4 1 39.13 2.20 6.44 7.39 5   0   1   0   1   0   0   0   1   0   0   3   1   0   0   0   0   1   0   0   1
44 153.26 117.30 79.86 37.44 47.55 43.73 3.82 114 3.69 0.49 0.07 4.00 36.00 4.75 4 1 47.37 1.90 5.69 3.85 5   0   1   0   1   0   0   0   0   0   0   3   1   0   0   0   0   1   0   0   1
45 238.11 133.84 61.38 72.46 87.32 47.18 40.14 140 4.06 0.50 0.06 6.67 32.00 4.33 4 1 40.91 2.06 6.52 11.48 5   0   1   0   1   0   0   0   1   0   0   3   1   0   0   0   0   1   0   0   1
46 170.79 109.92 59.20 50.72 57.88 34.95 22.94 99 3.83 0.50 0.00 0.00 36.00 4.75 4 1 56.25 1.80 5.66 4.98 5   0   1   0   1   0   0   0   0   0   0   3   1   0   0   0   0   1   0   0   1
47 269.84 154.67 78.59 76.08 87.12 48.89 38.23 117 3.87 0.50 0.20 19.22 32.00 4.33 4 1 45.45 2.39 6.27 18.28 7   0   1   0   1   0   0   0   1   0   0   3   1   0   0   0   0   1   0   0   1
48 302.47 169.46 86.14 83.33 102.75 45.41 57.34 91 3.89 0.50 0.20 14.22 28.80 4.00 4 1 47.83 2.51 7.68 20.77 7   0   1   0   1   0   0   0   2   0   0   3   1   0   0   0   0   1   0   0   1
49 234.23 147.32 89.35 57.97 83.94 62.91 21.02 141 3.83 0.52 0.20 23.64 32.00 4.33 4 1 43.48 2.43 6.91 9.74 5   0   1   0   1   0   0   0   1   0   0   3   1   0   0   0   0   1   0   0   1
50 256.08 146.72 74.26 72.46 99.49 59.35 40.14 125 3.93 0.53 0.20 21.04 32.00 4.33 4 1 43.48 2.38 7.13 12.51 6   0   1   0   1   0   0   0   1   0   0   3   1   0   0   0   0   1   0   0   1
51 217.01 132.23 75.47 56.76 88.45 55.96 32.49 85 3.77 0.55 0.02 0.00 32.00 4.33 4 1 50.00 2.31 6.68 6.68 6   0   1   0   1   0   0   0   1   0   0   3   1   0   0   0   0   1   0   0   1
52 288.54 146.51 65.60 80.91 106.37 47.12 59.25 107 3.98 0.51 0.12 8.62 32.00 4.33 4 1 42.86 2.34 6.68 16.48 5   0   1   0   1   0   0   0   1   0   0   3   1   0   0   0   0   1   0   0   1
53 234.50 135.40 77.43 57.97 96.33 52.37 43.96 95 3.75 0.50 0.09 5.78 32.00 4.33 4 1 50.00 2.34 6.18 19.42 6   0   1   0   1   0   0   0   1   0   0   3   1   0   0   0   0   1   0   0   1
54 226.82 134.78 71.99 62.80 77.88 45.38 32.49 126 3.75 0.50 0.05 3.00 32.00 4.33 4 1 50.00 2.40 7.01 8.44 5   0   1   0   1   0   0   0   1   0   0   3   1   0   0   0   0   1   0   0   1
55 141.96 107.02 63.55 43.47 34.53 19.24 15.29 97 3.78 0.50 0.13 8.62 36.00 4.75 4 1 47.37 1.67 4.41 3.89 6   0   1   0   1   0   0   0   0   0   0   3   1   0   0   0   0   1   0   0   1
56 237.33 146.20 88.24 57.97 83.59 66.39 17.20 105 3.79 0.48 0.10 4.80 32.00 4.33 4 1 42.11 2.43 7.39 6.37 5   0   1   0   1   0   0   0   1   0   0   3   1   0   0   0   0   1   0   0   1
57 155.91 115.81 73.55 42.27 73.44 54.33 19.11 38 4.01 0.59 0.13 2.40 -19.75 4.75 4 1 50.00 1.49 3.56 1.70 2   0   1   0   1   0   0   0   0   0   0   0   1   0   0   0   0   1   0   0   0
58 286.49 151.26 98.12 53.14 89.38 66.45 22.94 93 3.63 0.42 0.02 0.00 32.00 4.33 4 1 52.63 2.80 8.76 16.72 6   0   1   0   1   0   0   0   1   0   0   3   1   0   0   0   0   1   0   0   1
59 283.03 159.78 76.45 83.33 114.95 57.61 57.34 141 3.86 0.55 0.11 12.38 32.00 4.33 4 1 45.45 2.26 5.78 15.86 6   0   1   0   1   0   0   0   1   0   0   3   1   0   0   0   0   1   0   0   1
60 170.83 129.65 65.65 64.00 64.16 29.76 34.40 117 3.74 0.54 0.22 20.38 32.00 4.33 4 1 42.11 2.37 5.49 4.49 3   0   1   0   1   0   0   0   1   0   0   3   1   0   0   0   0   1   0   0   1
61 324.02 199.61 107.83 91.78 137.52 84.01 53.52 172 4.07 0.58 0.30 47.58 32.00 4.33 4 1 44.00 2.30 7.32 17.22 5   0   1   0   1   0   0   0   1   0   0   3   1   0   0   0   0   1   0   0   1
62 123.21 88.36 48.50 39.85 14.63 6.98 7.65 87 3.75 0.44 0.18 11.88 36.00 4.75 4 1 41.18 1.69 4.22 2.16 4   0   1   0   1   0   0   0   0   0   0   3   1   0   0   0   0   1   0   0   1
63 113.30 73.81 40.00 33.81 23.06 19.24 3.82 86 3.71 0.47 0.21 14.78 36.00 4.75 4 1 42.11 1.45 3.52 2.07 5   0   1   0   1   0   0   0   0   0   0   3   1   0   0   0   0   1   0   0   1
64 249.06 156.73 92.72 64.00 94.60 71.66 22.94 139 3.87 0.50 0.22 26.20 36.00 4.75 4 1 52.38 2.44 7.51 11.90 7   0   1   0   1   0   0   0   0   0   0   3   1   0   0   0   0   1   0   0   1
65 160.03 123.50 77.61 45.89 46.27 36.72 9.56 108 3.63 0.43 0.13 10.86 32.00 4.33 4 1 40.91 2.42 7.02 7.42 5   0   1   0   1   0   0   0   1   0   0   3   1   0   0   0   0   1   0   0   1
66 152.27 124.93 65.76 59.17 37.72 26.25 11.47 125 3.82 0.52 0.15 15.68 36.00 4.75 4 1 42.86 1.73 4.29 4.72 6   0   1   0   1   0   0   0   0   0   0   3   1   0   0   0   0   1   0   0   1
67 276.38 173.13 95.85 77.29 89.53 64.68 24.85 151 3.86 0.49 0.09 11.29 32.00 4.33 4 1 45.45 2.54 7.60 20.26 7   0   1   0   1   0   0   0   1   0   0   3   1   0   0   0   0   1   0   0   1
68 157.81 122.74 55.11 67.63 49.10 28.08 21.02 129 3.85 0.52 0.15 13.37 36.00 4.75 4 1 40.00 1.82 3.80 7.87 4   0   1   0   1   0   0   0   0   0   0   3   1   0   0   0   0   1   0   0   1
69 272.32 168.16 93.28 74.87 113.18 73.04 40.14 108 4.10 0.63 0.44 43.00 36.00 4.75 4 1 45.00 2.24 6.59 12.04 5   0   1   0   1   0   0   0   0   0   0   3   1   0   0   0   0   1   0   0   1
70 102.87 49.61 30.29 19.32 1.74 1.74 0.00 79 3.63 0.42 0.14 6.55 36.00 4.75 4 1 42.86 1.46 2.85 2.28 4   0   1   0   1   0   0   0   0   0   0   3   1   0   0   0   0   1   0   0   1
71 112.16 57.88 31.32 26.57 0.00 0.00 0.00 115 3.60 0.45 0.31 31.94 36.00 4.75 4 1 44.44 1.64 3.57 3.73 5   0   1   0   1   0   0   0   0   0   0   3   1   0   0   0   0   1   0   0   1
72 0.00 0.00 0.00 0.00 0.00 0.00 0.00 0 0.00 0.00 0.00 0.00 0.00 0.00 0 0 0.00 0.00 -1.00 0.00 0   0   0   0   0   0   0   0   0   0   0   0   0   0   0   0   0   0   0   0   0
73 212.41 128.76 75.62 53.14 65.01 42.07 22.94 51 3.68 0.38 0.04 0.00 26.50 4.38 4 1 42.86 2.32 5.95 9.19 2   0   1   0   1   0   0   0   1   0   0   3   1   0   0   0   0   1   0   0   0
74 211.26 119.64 60.47 59.17 63.59 34.92 28.67 124 3.76 0.46 0.14 12.59 32.00 4.33 4 1 42.11 2.18 6.35 8.26 2   0   1   0   1   0   0   0   1   0   0   3   1   0   0   0   0   1   0   0   1
75 0.00 0.00 0.00 0.00 0.00 0.00 0.00 0 0.00 0.00 0.00 0.00 0.00 0.00 0 0 0.00 0.00 -1.00 0.00 0   0   0   0   0   0   0   0   0   0   0   0   0   0   0   0   0   0   0   0   0
76 158.59 132.14 86.25 45.89 78.55 59.44 19.11 98 3.78 0.51 0.09 4.00 19.17 4.83 4 1 47.06 1.87 4.57 5.57 4   0   1   0   1   0   0   0   0   0   0   2   1   0   0   0   0   1   0   0   0
77 269.25 169.00 92.92 76.08 79.49 50.82 28.67 143 3.79 0.51 0.17 20.42 32.00 4.33 4 1 48.00 2.75 7.86 18.75 8   0   1   0   1   0   0   0   1   0   0   3   1   0   0   0   0   1   0   0   1
78 243.80 145.39 77.76 67.63 108.93 63.05 45.87 169 3.88 0.52 0.22 33.00 32.00 4.33 4 1 47.83 2.38 5.49 14.33 6   0   1   0   1   0   0   0   1   0   0   3   1   0   0   0   0   1   0   0   1
79 293.97 151.74 92.57 59.17 90.25 55.84 34.40 156 3.79 0.51 0.06 6.40 27.40 4.60 5 2 50.00 2.79 7.48 24.08 9   0   2   0   1   0   0   0   1   0   0   3   1   0   0   0   0   1   0   0   1
80 167.35 130.93 74.17 56.76 64.96 40.11 24.85 91 3.80 0.45 0.00 0.00 23.88 4.25 4 1 56.25 2.36 5.18 2.75 6   0   1   0   1   0   0   0   1   0   0   2   1   0   0   0   0   1   0   0   1
81 275.80 156.27 85.02 71.25 116.40 62.89 53.52 94 4.08 0.52 0.00 0.00 23.88 4.25 4 1 50.00 2.07 6.12 8.93 6   0   1   0   1   0   0   0   1   0   0   2   1   0   0   0   0   1   0   0   1
82 289.53 173.08 76.47 96.61 107.91 50.57 57.34 171 3.94 0.55 0.33 52.70 32.00 4.33 4 1 42.31 2.67 6.65 22.51 7   0   1   0   1   0   0   0   1   0   0   3   1   0   0   0   0   1   0   0   1
83 383.44 186.42 95.85 90.57 131.00 69.84 61.16 117 3.93 0.56 0.08 4.44 23.56 4.00 4 1 45.45 2.31 7.30 25.77 6   0   1   0   1   0   0   0   2   0   0   3   1   0   0   0   0   1   0   0   0
84 199.90 149.01 66.90 82.12 65.96 31.56 34.40 116 3.72 0.48 0.34 35.75 32.00 4.33 4 1 39.13 2.46 7.52 9.86 5   0   1   0   1   0   0   0   1   0   0   3   1   0   0   0   0   1   0   0   1
85 201.86 152.62 86.20 66.42 79.38 50.71 28.67 94 3.81 0.48 0.22 16.95 26.50 4.38 4 1 47.62 2.12 5.32 9.31 8   0   1   0   1   0   0   0   1   0   0   3   1   0   0   0   0   1   0   0   0
86 244.52 147.65 77.61 70.04 90.33 55.93 34.40 152 3.92 0.54 0.22 30.35 32.00 4.33 4 1 44.00 2.35 6.37 14.13 7   0   1   0   1   0   0   0   1   0   0   3   1   0   0   0   0   1   0   0   1
87 272.19 140.87 72.03 68.83 73.97 45.30 28.67 136 3.98 0.51 0.18 21.36 32.00 4.33 4 1 43.48 2.16 7.76 14.50 8   0   1   0   1   0   0   0   1   0   0   3   1   0   0   0   0   1   0   0   1
88 208.20 134.06 78.50 55.55 81.53 47.12 34.40 96 3.85 0.47 0.21 16.40 32.00 4.33 4 1 45.00 2.45 6.01 4.91 5   0   1   0   1   0   0   0   1   0   0   3   1   0   0   0   0   1   0   0   1
89 286.13 154.99 77.70 77.29 87.40 47.26 40.14 136 3.83 0.53 0.62 78.62 26.50 4.38 4 1 41.67 2.39 8.10 20.30 6   0   1   0   1   0   0   0   1   0   0   3   1   0   0   0   0   1   0   0   0
90 345.87 183.47 80.82 102.65 118.14 64.62 53.52 134 3.90 0.54 0.15 16.40 28.80 4.00 4 1 44.00 2.70 8.65 29.23 5   0   1   0   1   0   0   0   2   0   0   3   1   0   0   0   0   1   0   0   1
91 270.47 170.45 87.12 83.33 95.81 57.58 38.23 123 3.97 0.54 0.27 29.03 32.00 4.33 4 1 43.48 2.25 7.12 26.03 5   0   1   0   1   0   0   0   1   0   0   3   1   0   0   0   0   1   0   0   1
92 322.45 178.00 87.43 90.57 97.72 59.49 38.23 142 3.84 0.50 0.35 44.78 32.00 4.33 4 1 44.00 2.90 7.21 15.42 6   0   1   0   1   0   0   0   1   0   0   3   1   0   0   0   0   1   0   0   1
93 252.72 146.87 76.83 70.04 83.09 54.42 28.67 112 3.79 0.45 0.30 28.76 32.00 4.33 4 1 36.36 2.64 6.98 10.53 4   0   1   0   1   0   0   0   1   0   0   3   1   0   0   0   0   1   0   0   1
94 244.80 127.68 64.89 62.80 81.98 45.66 36.32 122 3.95 0.50 0.25 26.97 32.00 4.33 4 1 42.86 1.96 6.11 8.08 5   0   1   0   1   0   0   0   1   0   0   3   1   0   0   0   0   1   0   0   1
95 367.55 197.74 92.68 105.06 129.09 71.75 57.34 171 3.97 0.55 0.29 45.06 24.91 4.27 5 2 44.83 2.55 8.16 37.15 8   0   2   0   1   0   0   0   2   0   0   3   1   0   0   0   0   1   0   0   1
96 188.17 114.61 69.93 44.68 35.49 29.76 5.73 89 3.68 0.48 0.00 0.00 16.43 4.29 4 1 52.94 2.87 6.64 5.16 5   0   1   0   1   0   0   0   1   0   0   2   1   0   0   0   0   1   0   0   0
97 290.04 180.43 94.69 85.74 106.16 69.84 36.32 148 3.83 0.49 0.22 27.88 32.00 4.33 4 1 43.48 2.74 7.04 20.39 5   0   1   0   1   0   0   0   1   0   0   3   1   0   0   0   0   1   0   0   1
98 220.58 148.29 71.00 77.29 81.30 48.80 32.49 111 3.97 0.50 0.20 17.36 32.00 4.33 4 1 50.00 2.37 5.52 10.60 6   0   1   0   1   0   0   0   1   0   0   3   1   0   0   0   0   1   0   0   1
99 305.02 164.67 76.52 88.16 113.73 50.66 63.07 145 4.02 0.57 0.39 53.05 32.00 4.33 4 1 43.48 2.33 6.50 15.57 5   0   1   0   1   0   0   0   1   0   0   3   1   0   0   0   0   1   0   0   1
100 200.73 135.94 74.35 61.59 79.04 54.19 24.85 82 3.83 0.50 0.15 8.00 32.00 4.33 4 1 47.06 2.28 5.79 5.21 5   0   1   0   1   0   0   0   1   0   0   3   1   0   0   0   0   1   0   0   1
101 338.40 201.73 87.01 114.72 125.20 48.75 76.45 142 3.82 0.54 0.47 62.21 32.00 4.33 4 1 40.00 2.66 7.91 17.76 6   0   1   0   1   0   0   0   1   0   0   3   1   0   0   0   0   1   0   0   1
102 330.83 203.08 98.01 105.06 131.00 69.84 61.16 135 4.20 0.57 0.19 20.56 32.00 4.33 4 1 43.48 2.28 6.38 18.90 7   0   1   0   1   0   0   0   1   0   0   3   1   0   0   0   0   1   0   0   1
103 308.39 184.63 120.62 64.00 99.41 82.21 17.20 95 3.77 0.45 0.14 9.54 26.50 4.38 4 1 50.00 2.98 8.54 12.33 3   0   1   0   1   0   0   0   1   0   0   3   1   0   0   0   0   1   0   0   0
104 273.88 157.61 98.43 59.17 87.44 70.24 17.20 111 3.95 0.53 0.03 0.00 16.43 4.29 4 1 52.63 2.31 6.36 8.89 6   0   1   0   1   0   0   0   1   0   0   2   1   0   0   0   0   1   0   0   0
105 218.54 116.29 67.99 48.31 52.38 33.27 19.11 141 3.90 0.49 0.18 21.85 36.00 4.75 4 1 45.00 1.93 6.88 6.66 5   0   1   0   1   0   0   0   0   0   0   3   1   0   0   0   0   1   0   0   1
106 164.22 154.85 77.57 77.29 35.18 33.27 1.91 68 3.63 0.41 0.13 6.44 32.00 4.33 4 1 40.00 2.75 7.28 9.59 3   0   1   0   1   0   0   0   1   0   0   3   1   0   0   0   0   1   0   0   1
107 242.88 151.34 88.55 62.80 86.16 61.32 24.85 109 3.79 0.45 0.09 6.40 36.00 4.75 4 1 47.62 2.80 7.17 13.82 7   0   1   0   1   0   0   0   0   0   0   3   1   0   0   0   0   1   0   0   1
108 288.96 139.70 74.48 65.21 88.62 56.13 32.49 116 3.93 0.55 0.52 56.10 32.00 4.33 4 1 40.00 2.70 7.36 20.03 5   0   1   0   1   0   0   0   1   0   0   3   1   0   0   0   0   1   0   0   1
109 270.56 143.04 69.37 73.67 78.53 44.12 34.40 94 3.84 0.53 0.24 19.91 32.00 4.33 4 1 38.46 2.83 8.32 10.98 7   0   1   0   1   0   0   0   1   0   0   3   1   0   0   0   0   1   0   0   1
110 123.65 96.11 53.84 42.27 14.17 12.26 1.91 73 3.64 0.45 0.41 26.07 36.00 4.75 4 1 44.44 1.79 4.30 3.47 4   0   1   0   1   0   0   0   0   0   0   3   1   0   0   0   0   1   0   0   1
111 0.00 0.00 0.00 0.00 0.00 0.00 0.00 0 0.00 0.00 0.00 0.00 0.00 0.00 0 0 0.00 0.00 -1.00 0.00 0   0   0   0   0   0   0   0   0   0   0   0   0   0   0   0   0   0   0   0   0
112 285.86 167.29 75.51 91.78 121.12 54.22 66.90 135 3.94 0.57 0.45 56.75 32.00 4.33 4 1 40.00 2.37 6.61 19.08 5   0   1   0   1   0   0   0   1   0   0   3   1   0   0   0   0   1   0   0   1
113 266.02 144.25 76.63 67.63 85.76 64.74 21.02 136 3.88 0.48 0.14 14.11 32.00 4.33 4 1 45.45 2.92 6.78 15.18 5   0   1   0   1   0   0   0   1   0   0   3   1   0   0   0   0   1   0   0   1
114 247.78 154.76 78.68 76.08 79.07 54.22 24.85 121 3.75 0.51 0.17 17.24 32.00 4.33 4 1 47.62 2.47 7.33 15.53 6   0   1   0   1   0   0   0   1   0   0   3   1   0   0   0   0   1   0   0   1
115 232.43 137.97 66.72 71.25 82.48 36.60 45.87 110 3.87 0.52 0.20 19.27 32.00 4.33 4 1 39.13 2.60 7.02 9.70 6   0   1   0   1   0   0   0   1   0   0   3   1   0   0   0   0   1   0   0   1
116 216.66 151.61 98.48 53.14 89.09 71.89 17.20 146 3.81 0.48 0.15 18.09 32.00 4.33 4 1 47.83 2.28 6.44 14.56 6   0   1   0   1   0   0   0   1   0   0   3   1   0   0   0   0   1   0   0   1
117 283.89 154.28 85.44 68.83 99.11 66.62 32.49 141 4.06 0.50 0.11 10.93 32.00 4.33 4 1 43.48 2.37 6.48 15.22 4   0   1   0   1   0   0   0   1   0   0   3   1   0   0   0   0   1   0   0   1
118 169.98 115.63 63.70 51.93 35.98 24.51 11.47 105 3.74 0.41 0.07 3.43 36.00 4.75 4 1 44.44 2.05 5.42 8.55 6   0   1   0   1   0   0   0   0   0   0   3   1   0   0   0   0   1   0   0   1
119 227.45 173.84 102.59 71.25 65.80 54.33 11.47 105 3.85 0.45 0.07 3.43 32.00 4.33 4 1 45.45 2.49 7.49 15.12 6   0   1   0   1   0   0   0   1   0   0   3   1   0   0   0   0   1   0   0   1
120 253.93 142.56 49.57 92.99 83.13 31.53 51.61 117 3.89 0.45 0.12 11.00 32.00 4.33 4 1 38.10 2.41 6.26 14.33 5   0   1   0   1   0   0   0   1   0   0   3   1   0   0   0   0   1   0   0   1
121 265.80 147.40 70.11 77.29 92.91 48.95 43.96 118 3.99 0.59 0.15 13.00 36.00 4.75 4 1 45.45 2.19 6.33 7.98 6   0   1   0   1   0   0   0   0   0   0   3   1   0   0   0   0   1   0   0   1
122 285.92 149.86 70.15 79.70 103.97 54.27 49.69 136 3.95 0.53 0.29 34.87 32.00 4.33 4 1 41.67 2.11 6.68 14.53 5   0   1   0   1   0   0   0   1   0   0   3   1   0   0   0   0   1   0   0   1
123 278.59 147.26 72.39 74.87 101.45 61.32 40.14 152 4.01 0.59 0.22 27.94 36.00 4.75 4 1 43.48 1.89 6.24 11.74 5   0   1   0   1   0   0   0   0   0   0   3   1   0   0   0   0   1   0   0   1
124 334.21 176.05 81.85 94.20 114.81 59.38 55.43 135 3.95 0.56 0.18 19.75 32.00 4.33 4 1 43.48 2.38 7.48 24.70 6   0   1   0   1   0   0   0   1   0   0   3   1   0   0   0   0   1   0   0   1
125 220.96 134.07 79.73 54.34 77.27 52.42 24.85 96 3.81 0.50 0.29 23.29 36.00 4.75 4 1 50.00 2.46 6.47 9.30 6   0   1   0   1   0   0   0   0   0   0   3   1   0   0   0   0   1   0   0   1
126 242.76 141.63 58.30 83.33 93.71 42.10 51.61 115 3.81 0.55 0.47 49.15 32.00 4.33 4 1 41.67 2.12 6.73 14.81 6   0   1   0   1   0   0   0   1   0   0   3   1   0   0   0   0   1   0   0   1
127 265.09 160.11 74.37 85.74 98.78 47.18 51.61 128 3.79 0.53 0.32 36.34 32.00 4.33 4 1 43.48 3.00 7.19 23.42 3   0   1   0   1   0   0   0   1   0   0   3   1   0   0   0   0   1   0   0   1
128 267.46 153.30 82.05 71.25 102.65 68.24 34.40 125 3.91 0.52 0.15 15.16 32.00 4.33 4 1 45.45 2.50 6.90 10.79 6   0   1   0   1   0   0   0   1   0   0   3   1   0   0   0   0   1   0   0   1
129 159.92 134.77 64.73 70.04 63.50 36.74 26.76 133 4.08 0.52 0.29 33.79 36.00 4.75 4 1 40.00 1.43 4.31 3.34 5   0   1   0   1   0   0   0   0   0   0   3   1   0   0   0   0   1   0   0   1
130 268.19 174.29 98.21 76.08 104.93 64.79 40.14 134 4.09 0.58 0.36 44.17 36.00 4.75 4 1 45.83 2.04 6.10 19.96 6   0   1   0   1   0   0   0   0   0   0   3   1   0   0   0   0   1   0   0   1
131 297.00 151.70 75.62 76.08 107.19 61.32 45.87 127 4.08 0.53 0.24 25.40 32.00 4.33 4 1 40.91 1.96 7.04 12.98 6   0   1   0   1   0   0   0   1   0   0   3   1   0   0   0   0   1   0   0   1
132 343.34 183.27 81.83 101.44 110.21 68.16 42.05 118 3.91 0.48 0.33 34.92 32.00 4.33 4 1 36.36 2.69 7.45 31.55 3   0   1   0   1   0   0   0   1   0   0   3   1   0   0   0   0   1   0   0   1
133 266.99 143.17 90.04 53.14 66.75 45.72 21.02 122 3.71 0.48 0.16 14.11 32.00 4.33 4 1 47.62 2.51 6.30 16.96 6   0   1   0   1   0   0   0   1   0   0   3   1   0   0   0   0   1   0   0   1
134 274.83 160.42 78.31 82.12 89.38 43.50 45.87 124 4.14 0.57 0.31 35.03 36.00 4.75 4 1 42.86 2.09 6.94 18.98 5   0   1   0   1   0   0   0   0   0   0   3   1   0   0   0   0   1   0   0   1
135 262.27 165.59 77.43 88.16 88.51 54.11 34.40 144 3.92 0.56 0.47 63.97 32.00 4.33 4 1 40.00 2.54 6.65 17.99 3   0   1   0   1   0   0   0   1   0   0   3   1   0   0   0   0   1   0   0   1
136 282.77 150.39 74.31 76.08 72.69 40.19 32.49 126 3.78 0.46 0.10 8.83 36.00 4.75 4 1 41.67 3.00 7.35 18.97 8   0   1   0   1   0   0   0   0   0   0   3   1   0   0   0   0   1   0   0   1
137 293.31 168.75 83.01 85.74 101.11 64.79 36.32 149 4.00 0.54 0.11 12.62 32.00 4.33 4 1 47.83 2.55 6.55 20.99 5   0   1   0   1   0   0   0   1   0   0   3   1   0   0   0   0   1   0   0   1
138 284.87 174.47 85.11 89.36 100.94 64.62 36.32 170 4.11 0.56 0.20 29.65 32.00 4.33 4 1 45.45 2.06 6.97 18.45 6   0   1   0   1   0   0   0   1   0   0   3   1   0   0   0   0   1   0   0   1
139 167.23 129.24 80.93 48.31 49.98 38.51 11.47 110 3.78 0.46 0.21 19.04 36.00 4.75 4 1 52.63 2.09 5.98 6.74 6   0   1   0   1   0   0   0   0   0   0   3   1   0   0   0   0   1   0   0   1
140 195.32 133.57 73.19 60.38 73.42 52.39 21.02 137 3.84 0.50 0.25 30.00 32.00 4.33 4 1 45.45 2.17 6.83 9.44 5   0   1   0   1   0   0   0   1   0   0   3   1   0   0   0   0   1   0   0   1
141 212.97 143.94 78.73 65.21 82.63 57.78 24.85 129 3.79 0.49 0.11 10.43 32.00 4.33 4 1 50.00 2.39 6.75 12.61 7   0   1   0   1   0   0   0   1   0   0   3   1   0   0   0   0   1   0   0   1
142 195.61 153.76 86.14 67.63 57.54 38.43 19.11 127 3.92 0.53 0.27 30.18 36.00 4.75 4 1 42.86 2.01 6.51 7.07 5   0   1   0   1   0   0   0   0   0   0   3   1   0   0   0   0   1   0   0   1
143 158.77 127.97 70.00 57.97 35.81 26.25 9.56 81 3.58 0.40 0.21 13.65 32.00 4.33 4 1 47.37 2.53 6.79 6.74 6   0   1   0   1   0   0   0   1   0   0   3   1   0   0   0   0   1   0   0   1
144 240.76 133.91 72.32 61.59 68.49 45.55 22.94 117 3.86 0.48 0.32 32.54 36.00 4.75 4 1 52.38 2.29 6.74 8.88 7   0   1   0   1   0   0   0   0   0   0   3   1   0   0   0   0   1   0   0   1
145 278.92 162.24 75.29 86.95 91.20 45.33 45.87 144 3.87 0.49 0.08 6.83 28.80 4.00 4 1 47.83 2.46 8.96 10.93 8   0   1   0   1   0   0   0   2   0   0   3   1   0   0   0   0   1   0   0   1
146 157.56 128.69 64.69 64.00 31.99 26.25 5.73 112 3.67 0.45 0.23 21.54 36.00 4.75 4 1 47.37 2.00 5.90 5.60 5   0   1   0   1   0   0   0   0   0   0   3   1   0   0   0   0   1   0   0   1
147 189.12 154.95 87.32 67.63 53.77 38.48 15.29 115 3.72 0.43 0.17 15.60 38.88 4.12 3 0 45.45 2.11 8.29 9.49 7   0   1   0   1   0   0   0   1   0   0   3   0   0   0   0   0   1   0   0   1
148 184.13 126.99 76.27 50.72 48.27 34.89 13.38 107 3.74 0.43 0.20 16.57 32.00 4.33 4 1 45.00 2.24 6.24 6.07 6   0   1   0   1   0   0   0   1   0   0   3   1   0   0   0   0   1   0   0   1
149 263.23 174.18 96.90 77.29 106.18 69.87 36.32 132 3.88 0.48 0.05 4.00 32.00 4.33 4 1 45.83 2.57 7.16 17.16 6   0   1   0   1   0   0   0   1   0   0   3   1   0   0   0   0   1   0   0   1
150 207.31 145.33 76.49 68.83 83.18 50.68 32.49 134 3.87 0.53 0.19 21.36 32.00 4.33 4 1 38.10 1.94 6.36 11.17 5   0   1   0   1   0   0   0   1   0   0   3   1   0   0   0   0   1   0   0   1
151 172.24 146.74 74.28 72.46 43.05 29.68 13.38 107 3.89 0.49 0.26 23.86 32.00 4.33 4 1 40.00 1.89 5.11 5.62 5   0   1   0   1   0   0   0   1   0   0   3   1   0   0   0   0   1   0   0   1
152 304.71 170.44 78.66 91.78 84.40 57.64 26.76 169 3.77 0.48 0.46 72.03 32.00 4.33 4 1 40.74 2.97 7.71 14.89 7   0   1   0   1   0   0   0   1   0   0   3   1   0   0   0   0   1   0   0   1
153 115.83 78.99 45.18 33.81 0.00 0.00 0.00 77 3.54 0.33 0.19 10.93 36.00 4.75 4 1 50.00 1.83 4.13 3.36 7   0   1   0   1   0   0   0   0   0   0   3   1   0   0   0   0   1   0   0   1
154 266.32 153.48 79.82 73.67 101.20 62.97 38.23 162 4.01 0.56 0.35 51.46 32.00 4.33 4 1 45.83 2.31 6.46 14.01 6   0   1   0   1   0   0   0   1   0   0   3   1   0   0   0   0   1   0   0   1
155 210.88 134.54 46.38 88.16 82.99 33.29 49.69 161 4.00 0.52 0.29 41.83 32.00 4.33 4 1 37.50 2.13 5.78 8.90 6   0   1   0   1   0   0   0   1   0   0   3   1   0   0   0   0   1   0   0   1
156 278.74 151.66 63.50 88.16 65.85 31.44 34.40 119 3.89 0.55 0.10 7.83 27.40 4.60 5 2 45.83 2.23 7.78 18.04 9   0   2   0   1   0   0   0   1   0   0   3   1   0   0   0   0   1   0   0   1
157 212.78 128.03 68.86 59.17 83.58 45.35 38.23 149 3.91 0.55 0.22 28.67 32.00 4.33 4 1 45.45 2.13 5.45 10.62 7   0   1   0   1   0   0   0   1   0   0   3   1   0   0   0   0   1   0   0   1
158 252.33 133.44 74.26 59.17 75.65 48.89 26.76 117 3.86 0.51 0.18 16.19 32.00 4.33 4 1 50.00 2.00 7.23 9.16 7   0   1   0   1   0   0   0   1   0   0   3   1   0   0   0   0   1   0   0   1
159 339.00 174.22 88.48 85.74 109.19 59.49 49.69 156 3.95 0.50 0.22 31.03 27.40 4.60 5 2 50.00 2.60 7.59 19.76 9   0   2   0   1   0   0   0   1   0   0   3   1   0   0   0   0   1   0   0   1
160 219.37 135.83 64.58 71.25 98.09 54.13 43.96 155 4.04 0.53 0.14 18.00 32.00 4.33 4 1 40.91 2.33 5.79 8.44 5   0   1   0   1   0   0   0   1   0   0   3   1   0   0   0   0   1   0   0   1
161 168.13 127.60 73.26 54.34 52.01 36.72 15.29 124 3.87 0.55 0.14 13.18 36.00 4.75 4 1 45.45 1.90 4.65 5.50 7   0   1   0   1   0   0   0   0   0   0   3   1   0   0   0   0   1   0   0   1
162 194.21 135.37 79.82 55.55 60.73 45.44 15.29 123 3.88 0.51 0.16 16.00 36.00 4.75 4 1 47.62 1.98 5.83 6.59 6   0   1   0   1   0   0   0   0   0   0   3   1   0   0   0   0   1   0   0   1
163 135.99 105.70 54.98 50.72 18.28 8.72 9.56 80 3.75 0.43 0.30 19.92 49.00 5.00 3 2 41.18 1.80 4.49 2.93 4   0   1   0   0   0   0   0   0   0   0   3   1   0   0   0   0   1   0   0   1
164 180.13 143.59 60.27 83.33 58.23 31.47 26.76 138 3.79 0.52 0.30 35.71 32.00 4.33 4 1 35.00 2.13 5.71 8.52 3   0   1   0   1   0   0   0   1   0   0   3   1   0   0   0   0   1   0   0   1
165 155.92 126.16 64.58 61.59 31.03 15.74 15.29 120 3.79 0.49 0.26 27.42 36.00 4.75 4 1 38.89 1.60 4.59 5.00 3   0   1   0   1   0   0   0   0   0   0   3   1   0   0   0   0   1   0   0   1
166 232.45 147.13 81.92 65.21 104.25 69.84 34.40 145 3.88 0.55 0.21 25.60 36.00 4.75 4 1 47.83 2.27 6.00 14.56 7   0   1   0   1   0   0   0   0   0   0   3   1   0   0   0   0   1   0   0   1
167 241.69 145.15 78.73 66.42 91.34 45.47 45.87 145 4.02 0.53 0.14 16.76 32.00 4.33 4 1 47.83 2.07 5.85 12.54 6   0   1   0   1   0   0   0   1   0   0   3   1   0   0   0   0   1   0   0   1
168 226.49 135.01 81.87 53.14 83.03 52.45 30.58 117 3.94 0.57 0.03 0.00 26.50 4.38 4 1 50.00 2.12 6.07 7.68 5   0   1   0   1   0   0   0   1   0   0   3   1   0   0   0   0   1   0   0   0
169 127.88 103.10 57.21 45.89 32.33 22.78 9.56 101 3.72 0.47 0.24 20.00 36.00 4.75 4 1 42.11 1.60 3.63 3.04 6   0   1   0   1   0   0   0   0   0   0   3   1   0   0   0   0   1   0   0   1
170 253.85 164.77 74.20 90.57 104.61 45.35 59.25 170 3.90 0.53 0.29 45.36 32.00 4.33 4 1 40.00 2.38 6.08 18.18 5   0   1   0   1   0   0   0   1   0   0   3   1   0   0   0   0   1   0   0   1
171 210.91 116.78 61.23 55.55 65.45 34.86 30.58 125 3.75 0.53 0.22 23.93 32.00 4.33 4 1 47.83 2.19 5.82 10.61 8   0   1   0   1   0   0   0   1   0   0   3   1   0   0   0   0   1   0   0   1
172 138.08 100.14 60.29 39.85 33.87 26.23 7.65 105 3.57 0.41 0.31 28.73 32.00 4.33 4 1 42.86 2.29 5.66 4.62 5   0   1   0   1   0   0   0   1   0   0   3   1   0   0   0   0   1   0   0   1
173 168.82 131.71 78.57 53.14 37.23 31.50 5.73 91 3.68 0.39 0.00 0.00 32.00 4.33 4 1 50.00 2.55 6.12 5.58 5   0   1   0   1   0   0   0   1   0   0   3   1   0   0   0   0   1   0   0   1
174 191.19 138.77 80.80 57.97 71.54 52.42 19.11 103 3.69 0.45 0.04 0.00 32.00 4.33 4 1 50.00 2.26 5.32 11.98 7   0   1   0   1   0   0   0   1   0   0   3   1   0   0   0   0   1   0   0   1
175 196.25 131.33 73.37 57.97 77.18 54.25 22.94 164 3.82 0.52 0.21 31.03 32.00 4.33 4 1 47.83 2.13 5.81 11.58 7   0   1   0   1   0   0   0   1   0   0   3   1   0   0   0   0   1   0   0   1
176 176.83 113.15 52.77 60.38 63.65 34.98 28.67 127 3.80 0.55 0.34 38.56 32.00 4.33 4 1 47.37 2.05 4.83 7.53 4   0   1   0   1   0   0   0   1   0   0   3   1   0   0   0   0   1   0   0   1
177 113.32 101.74 57.05 44.68 10.98 5.25 5.73 65 3.60 0.43 0.46 24.60 49.00 5.00 3 2 53.85 1.66 3.77 1.32 3   0   1   0   0   0   0   0   0   0   0   3   1   0   0   0   0   1   0   0   1
178 325.45 202.65 120.53 82.12 117.11 75.06 42.05 91 3.91 0.48 0.14 8.62 32.00 4.33 4 1 45.45 3.00 7.11 28.15 5   0   1   0   1   0   0   0   1   0   0   3   1   0   0   0   0   1   0   0   1
179 285.07 177.80 98.10 79.70 123.98 83.84 40.14 144 4.04 0.53 0.16 18.70 36.00 4.75 4 1 43.48 2.40 5.74 14.31 6   0   1   0   1   0   0   0   0   0   0   3   1   0   0   0   0   1   0   0   1
180 292.58 186.01 88.19 97.82 103.08 61.03 42.05 134 3.99 0.52 0.16 17.91 32.00 4.33 4 1 45.45 2.27 6.90 13.34 7   0   1   0   1   0   0   0   1   0   0   3   1   0   0   0   0   1   0   0   1
181 216.73 178.21 94.89 83.33 104.16 71.66 32.49 125 4.12 0.56 0.35 40.18 36.00 4.75 4 1 45.00 1.67 5.29 5.44 6   0   1   0   1   0   0   0   0   0   0   3   1   0   0   0   0   1   0   0   1
182 195.32 151.39 76.52 74.87 77.79 47.21 30.58 130 3.92 0.52 0.39 46.20 36.00 4.75 4 1 42.86 2.08 5.33 8.70 6   0   1   0   1   0   0   0   0   0   0   3   1   0   0   0   0   1   0   0   1
183 272.05 169.79 104.57 65.21 96.22 75.20 21.02 137 3.84 0.50 0.29 34.40 36.00 4.75 4 1 40.91 2.48 6.54 13.22 5   0   1   0   1   0   0   0   0   0   0   3   1   0   0   0   0   1   0   0   1
184 206.81 152.87 84.04 68.83 75.04 55.93 19.11 116 3.90 0.54 0.20 18.26 36.00 4.75 4 1 50.00 2.04 6.36 10.22 5   0   1   0   1   0   0   0   0   0   0   3   1   0   0   0   0   1   0   0   1
185 185.86 124.54 59.33 65.21 57.74 36.72 21.02 118 3.80 0.47 0.23 23.11 36.00 4.75 4 1 45.00 2.11 5.39 8.47 6   0   1   0   1   0   0   0   0   0   0   3   1   0   0   0   0   1   0   0   1
186 307.43 202.33 103.30 99.03 135.03 68.13 66.90 168 4.12 0.57 0.24 35.70 32.00 4.33 4 1 50.00 2.25 6.55 33.76 7   0   1   0   1   0   0   0   1   0   0   3   1   0   0   0   0   1   0   0   1
187 148.61 137.28 73.28 64.00 34.45 19.16 15.29 89 3.78 0.43 0.09 4.00 27.29 4.71 4 1 43.75 2.01 4.70 3.92 4   0   1   0   1   0   0   0   0   0   0   2   1   0   0   0   0   1   0   0   1
188 219.95 170.87 85.13 85.74 108.96 61.17 47.78 132 4.07 0.52 0.20 23.04 36.00 4.75 4 1 45.00 2.10 4.92 9.90 6   0   1   0   1   0   0   0   0   0   0   3   1   0   0   0   0   1   0   0   1
189 232.64 170.05 71.03 99.03 98.41 50.63 47.78 133 3.90 0.54 0.25 28.12 32.00 4.33 4 1 40.91 2.41 6.04 8.48 7   0   1   0   1   0   0   0   1   0   0   3   1   0   0   0   0   1   0   0   1
190 305.86 175.75 94.84 80.91 123.53 70.01 53.52 128 4.04 0.58 0.20 20.64 32.00 4.33 4 1 45.45 2.13 6.93 13.51 7   0   1   0   1   0   0   0   1   0   0   3   1   0   0   0   0   1   0   0   1
191 307.08 185.42 93.64 91.78 119.95 85.55 34.40 147 4.00 0.51 0.27 34.77 32.00 4.33 4 1 39.13 2.41 7.07 22.44 6   0   1   0   1   0   0   0   1   0   0   3   1   0   0   0   0   1   0   0   1
192 0.00 0.00 0.00 0.00 0.00 0.00 0.00 0 0.00 0.00 0.00 0.00 0.00 0.00 0 0 0.00 0.00 -1.00 0.00 0   0   0   0   0   0   0   0   0   0   0   0   0   0   0   0   0   0   0   0   0
193 280.97 170.51 99.26 71.25 78.40 61.20 17.20 110 3.84 0.45 0.11 5.33 32.00 4.33 4 1 47.37 2.54 7.70 14.62 6   0   1   0   1   0   0   0   1   0   0   3   1   0   0   0   0   1   0   0   1
194 275.91 162.08 87.21 74.87 107.72 73.32 34.40 112 3.99 0.51 0.21 19.04 32.00 4.33 4 1 50.00 2.54 6.95 15.30 5   0   1   0   1   0   0   0   1   0   0   3   1   0   0   0   0   1   0   0   1
195 248.85 172.22 93.73 78.50 118.44 82.13 36.32 128 4.03 0.50 0.13 13.18 32.00 4.33 4 1 50.00 1.95 6.48 14.24 6   0   1   0   1   0   0   0   1   0   0   3   1   0   0   0   0   1   0   0   1
196 139.11 125.30 62.50 62.80 23.84 10.46 13.38 100 3.87 0.46 0.15 9.87 36.00 4.75 4 1 47.06 1.52 4.09 3.01 5   0   1   0   1   0   0   0   0   0   0   3   1   0   0   0   0   1   0   0   1
197 214.35 171.17 81.81 89.36 67.36 34.86 32.49 139 3.80 0.45 0.21 23.93 36.00 4.75 4 1 42.86 2.27 5.96 11.10 6   0   1   0   1   0   0   0   0   0   0   3   1   0   0   0   0   1   0   0   1
198 333.75 170.65 87.32 83.33 101.51 59.46 42.05 163 3.95 0.54 0.08 10.15 32.00 4.33 4 1 44.00 2.23 7.76 17.30 8   0   1   0   1   0   0   0   1   0   0   3   1   0   0   0   0   1   0   0   1
199 94.22 84.14 63.61 20.53 16.02 12.20 3.82 71 3.53 0.36 0.13 4.44 49.00 5.00 3 2 57.14 1.70 4.36 0.98 6   0   1   0   0   0   0   0   0   0   0   3   1   0   0   0   0   1   0   0   1
200 149.84 125.31 63.73 61.59 52.67 29.73 22.94 113 3.83 0.54 0.26 24.07 36.00 4.75 4 1 45.00 1.53 4.55 4.85 6   0   1   0   1   0   0   0   0   0   0   3   1   0   0   0   0   1   0   0   1
201 205.01 157.32 86.07 71.25 96.07 55.93 40.14 82 3.99 0.46 0.17 10.29 23.88 4.25 4 1 47.37 2.04 5.71 10.29 6   0   1   0   1   0   0   0   1   0   0   2   1   0   0   0   0   1   0   0   1
202 307.25 211.26 97.75 113.52 121.97 62.72 59.25 86 4.05 0.52 0.27 19.91 32.00 4.33 4 1 43.48 2.99 6.30 23.50 6   0   1   0   1   0   0   0   1   0   0   3   1   0   0   0   0   1   0   0   1
203 237.84 153.83 85.00 68.83 81.04 52.37 28.67 105 3.89 0.47 0.07 3.43 32.00 4.33 4 1 50.00 2.43 6.71 14.41 7   0   1   0   1   0   0   0   1   0   0   3   1   0   0   0   0   1   0   0   1
204 190.51 169.67 94.80 74.87 78.23 62.94 15.29 90 3.65 0.40 0.39 30.23 19.17 4.83 4 1 43.75 2.11 5.98 2.91 2   0   1   0   1   0   0   0   0   0   0   2   1   0   0   0   0   1   0   0   0
205 278.55 181.71 114.08 67.63 98.77 66.28 32.49 97 3.82 0.49 0.12 7.33 26.50 4.38 4 1 50.00 2.56 6.29 18.44 5   0   1   0   1   0   0   0   1   0   0   3   1   0   0   0   0   1   0   0   0
206 94.07 95.54 58.10 37.44 16.54 6.98 9.56 64 3.56 0.35 0.17 7.27 41.00 5.00 3 2 53.85 1.49 3.06 1.13 3   0   1   0   0   0   0   0   0   0   0   2   1   0   0   0   0   1   0   0   1
207 272.05 182.84 85.02 97.82 104.88 62.83 42.05 126 3.98 0.54 0.23 25.38 32.00 4.33 4 1 39.13 2.51 7.83 11.08 3   0   1   0   1   0   0   0   1   0   0   3   1   0   0   0   0   1   0   0   1
208 298.49 178.08 105.62 72.46 90.81 71.69 19.11 128 3.80 0.49 0.16 16.48 32.00 4.33 4 1 43.48 2.79 7.63 18.85 7   0   1   0   1   0   0   0   1   0   0   3   1   0   0   0   0   1   0   0   1
209 221.58 162.97 89.31 73.67 81.51 68.13 13.38 126 3.77 0.49 0.10 8.83 32.00 4.33 4 1 43.48 2.40 7.02 10.78 6   0   1   0   1   0   0   0   1   0   0   3   1   0   0   0   0   1   0   0   1
210 261.78 135.34 49.60 85.74 83.31 29.79 53.52 136 3.95 0.54 0.38 47.88 32.00 4.33 4 1 41.67 2.15 6.33 10.98 6   0   1   0   1   0   0   0   1   0   0   3   1   0   0   0   0   1   0   0   1
211 300.77 157.13 78.64 78.50 101.83 55.96 45.87 166 3.92 0.54 0.21 31.03 32.00 4.33 4 1 42.31 2.59 6.21 17.80 6   0   1   0   1   0   0   0   1   0   0   3   1   0   0   0   0   1   0   0   1
212 346.79 164.78 65.76 99.03 108.45 47.29 61.16 142 3.94 0.53 0.42 54.31 32.00 4.33 4 1 39.13 2.35 7.21 21.60 4   0   1   0   1   0   0   0   1   0   0   3   1   0   0   0   0   1   0   0   1
213 256.37 129.23 60.40 68.83 80.59 38.54 42.05 142 3.86 0.54 0.20 24.76 32.00 4.33 4 1 43.48 2.06 6.33 8.00 7   0   1   0   1   0   0   0   1   0   0   3   1   0   0   0   0   1   0   0   1
214 294.10 140.72 67.05 73.67 98.18 56.13 42.05 152 4.03 0.55 0.26 35.70 32.00 4.33 4 1 40.00 2.35 7.15 24.45 8   0   1   0   1   0   0   0   1   0   0   3   1   0   0   0   0   1   0   0   1
215 194.74 134.09 80.96 53.14 74.58 61.20 13.38 159 3.81 0.54 0.24 33.47 32.00 4.33 4 1 47.62 2.06 6.37 9.48 6   0   1   0   1   0   0   0   1   0   0   3   1   0   0   0   0   1   0   0   1
216 186.29 145.33 87.36 57.97 70.96 59.49 11.47 111 3.63 0.43 0.31 30.18 36.00 4.75 4 1 40.91 2.27 6.79 8.36 4   0   1   0   1   0   0   0   0   0   0   3   1   0   0   0   0   1   0   0   1
217 156.46 118.49 79.84 38.64 47.92 40.28 7.65 99 3.62 0.45 0.05 0.00 26.50 4.38 4 1 50.00 2.48 6.13 7.32 6   0   1   0   1   0   0   0   1   0   0   3   1   0   0   0   0   1   0   0   0
218 281.32 151.39 77.72 73.67 99.80 57.75 42.05 129 3.97 0.53 0.20 21.54 32.00 4.33 4 1 42.86 1.94 6.34 20.55 6   0   1   0   1   0   0   0   1   0   0   3   1   0   0   0   0   1   0   0   1
219 214.19 160.37 92.74 67.63 62.47 47.18 15.29 153 3.73 0.47 0.13 16.50 32.00 4.33 4 1 41.67 2.67 6.54 16.54 7   0   1   0   1   0   0   0   1   0   0   3   1   0   0   0   0   1   0   0   1
220 257.78 157.01 99.04 57.97 85.45 66.33 19.11 117 3.84 0.47 0.07 4.00 32.00 4.33 4 1 50.00 2.41 7.36 17.27 7   0   1   0   1   0   0   0   1   0   0   3   1   0   0   0   0   1   0   0   1
221 205.32 155.66 89.24 66.42 62.32 48.95 13.38 130 3.73 0.46 0.20 22.38 32.00 4.33 4 1 40.91 2.41 6.32 9.47 5   0   1   0   1   0   0   0   1   0   0   3   1   0   0   0   0   1   0   0   1
222 291.99 191.49 112.99 78.50 127.19 90.88 36.32 114 4.05 0.49 0.11 8.62 32.00 4.33 4 1 45.00 2.00 7.05 12.00 6   0   1   0   1   0   0   0   1   0   0   3   1   0   0   0   0   1   0   0   1
223 342.39 143.83 77.41 66.42 104.82 62.77 42.05 119 4.00 0.55 0.14 13.41 32.00 4.33 4 1 45.45 2.36 6.39 16.77 6   0   1   0   1   0   0   0   1   0   0   3   1   0   0   0   0   1   0   0   1
224 243.59 132.75 80.82 51.93 97.32 62.91 34.40 101 3.98 0.52 0.02 0.00 26.50 4.38 4 1 44.44 2.10 6.76 8.14 4   0   1   0   1   0   0   0   1   0   0   3   1   0   0   0   0   1   0   0   0
225 303.73 161.68 61.45 100.23 104.57 47.23 57.34 158 4.07 0.57 0.26 36.29 32.00 4.33 4 1 43.48 2.01 6.26 25.02 6   0   1   0   1   0   0   0   1   0   0   3   1   0   0   0   0   1   0   0   1
226 305.10 157.63 74.31 83.33 107.60 54.08 53.52 158 3.92 0.55 0.25 35.25 32.00 4.33 4 1 44.00 2.33 6.40 24.11 7   0   1   0   1   0   0   0   1   0   0   3   1   0   0   0   0   1   0   0   1
227 303.65 196.99 97.97 99.03 127.94 82.07 45.87 146 4.16 0.52 0.07 6.40 32.00 4.33 4 1 43.48 2.41 7.24 19.01 6   0   1   0   1   0   0   0   1   0   0   3   1   0   0   0   0   1   0   0   1
228 169.75 120.67 60.29 60.38 63.07 40.14 22.94 105 3.84 0.50 0.04 0.00 23.88 4.25 4 1 47.37 2.08 5.00 4.21 6   0   1   0   1   0   0   0   1   0   0   2   1   0   0   0   0   1   0   0   1
229 255.66 189.07 92.46 96.61 104.68 64.54 40.14 201 3.95 0.51 0.14 23.21 32.00 4.33 4 1 40.00 2.52 6.26 16.16 5   0   1   0   1   0   0   0   1   0   0   3   1   0   0   0   0   1   0   0   1
230 278.72 166.42 62.57 103.86 105.38 38.48 66.90 150 3.89 0.49 0.43 60.40 32.00 4.33 4 1 45.45 2.54 6.43 19.80 8   0   1   0   1   0   0   0   1   0   0   3   1   0   0   0   0   1   0   0   1
231 298.61 158.79 65.80 92.99 108.71 43.73 64.99 131 3.92 0.53 0.34 40.84 32.00 4.33 4 1 43.48 2.44 7.23 16.26 7   0   1   0   1   0   0   0   1   0   0   3   1   0   0   0   0   1   0   0   1
232 304.07 161.11 66.92 94.20 101.18 43.84 57.34 137 3.81 0.52 0.39 48.78 32.00 4.33 4 1 43.48 2.52 7.44 17.89 8   0   1   0   1   0   0   0   1   0   0   3   1   0   0   0   0   1   0   0   1
233 99.58 96.19 22.52 73.67 9.56 0.00 9.56 97 3.65 0.44 0.69 62.66 44.50 5.17 3 2 40.00 1.67 4.06 0.85 6   0   1   0   0   0   0   0   0   0   0   3   1   0   0   0   0   1   0   0   0
234 170.85 134.95 63.70 71.25 60.11 33.35 26.76 80 3.73 0.46 0.26 17.33 23.88 4.25 4 1 52.94 2.39 5.81 5.88 6   0   1   0   1   0   0   0   1   0   0   2   1   0   0   0   0   1   0   0   1
235 163.19 125.92 48.64 77.29 39.78 24.49 15.29 117 3.78 0.51 0.32 34.16 36.00 4.75 4 1 42.11 1.84 5.56 4.87 5   0   1   0   1   0   0   0   0   0   0   3   1   0   0   0   0   1   0   0   1
236 158.40 103.59 32.34 71.25 39.82 3.51 36.32 74 3.62 0.41 0.24 14.56 27.29 4.71 4 1 46.67 1.60 5.38 2.88 7   0   1   0   1   0   0   0   0   0   0   2   1   0   0   0   0   1   0   0   1
237 180.29 133.06 48.53 84.53 54.81 28.05 26.76 119 3.75 0.49 0.33 34.41 32.00 4.33 4 1 40.00 2.20 5.91 5.45 5   0   1   0   1   0   0   0   1   0   0   3   1   0   0   0   0   1   0   0   1
238 253.64 160.68 70.11 90.57 85.92 41.96 43.96 106 3.84 0.50 0.16 13.18 32.00 4.33 4 1 42.86 2.44 7.79 18.97 7   0   1   0   1   0   0   0   1   0   0   3   1   0   0   0   0   1   0   0   1
239 0.00 0.00 0.00 0.00 0.00 0.00 0.00 0 0.00 0.00 0.00 0.00 0.00 0.00 0 0 0.00 0.00 -1.00 0.00 0   0   0   0   0   0   0   0   0   0   0   0   0   0   0   0   0   0   0   0   0
240 137.79 115.81 61.47 54.34 41.77 24.57 17.20 76 3.72 0.43 0.25 14.95 30.29 4.86 4 1 46.67 1.58 5.14 1.89 4   0   1   0   1   0   0   0   0   0   0   3   1   0   0   0   0   1   0   0   0
241 138.40 108.86 49.69 59.17 47.42 24.49 22.94 80 3.76 0.46 0.15 8.00 16.43 4.29 4 1 53.33 2.08 5.24 2.94 6   0   1   0   1   0   0   0   1   0   0   2   1   0   0   0   0   1   0   0   0
242 186.43 129.96 55.09 74.87 58.31 31.56 26.76 91 3.79 0.46 0.22 14.40 16.43 4.29 4 1 50.00 2.13 5.58 7.78 5   0   1   0   1   0   0   0   1   0   0   2   1   0   0   0   0   1   0   0   0
243 245.91 128.94 52.86 76.08 84.93 33.32 51.61 135 3.82 0.52 0.13 12.59 22.00 4.67 5 2 42.86 1.97 6.83 9.84 6   0   2   0   1   0   0   0   1   0   0   3   1   0   0   0   0   1   0   0   0
244 204.98 124.88 57.25 67.63 77.14 35.09 42.05 114 3.97 0.52 0.20 18.17 30.29 4.86 4 1 44.44 1.89 6.27 5.47 6   0   1   0   1   0   0   0   0   0   0   3   1   0   0   0   0   1   0   0   0
245 266.01 114.68 49.46 65.21 75.52 29.65 45.87 157 3.90 0.55 0.24 33.05 36.00 4.75 4 1 40.91 2.23 6.36 13.91 8   0   1   0   1   0   0   0   0   0   0   3   1   0   0   0   0   1   0   0   1
246 133.43 99.06 30.22 68.83 41.30 8.81 32.49 78 3.72 0.41 0.38 24.60 36.00 4.75 4 1 41.18 1.72 4.28 3.06 7   0   1   0   1   0   0   0   0   0   0   3   1   0   0   0   0   1   0   0   1
247 190.21 139.77 33.50 106.27 65.66 14.05 51.61 148 3.83 0.49 0.45 61.94 32.00 4.33 4 1 31.82 2.03 5.68 7.78 7   0   1   0   1   0   0   0   1   0   0   3   1   0   0   0   0   1   0   0   1
248 340.78 203.37 85.02 118.35 107.82 52.39 55.43 152 3.76 0.50 0.32 45.18 32.00 4.33 4 1 40.00 3.02 8.68 23.71 6   0   1   0   1   0   0   0   1   0   0   3   1   0   0   0   0   1   0   0   1
249 154.28 118.24 42.16 76.08 48.31 15.82 32.49 136 3.81 0.54 0.52 66.20 36.00 4.75 4 1 40.00 1.81 3.80 4.55 6   0   1   0   1   0   0   0   0   0   0   3   1   0   0   0   0   1   0   0   1
250 141.75 96.46 20.38 76.08 39.62 5.22 34.40 97 3.56 0.40 0.61 53.86 49.00 5.00 3 2 41.18 1.80 6.55 1.78 7   0   1   0   0   0   0   0   0   0   0   3   1   0   0   0   0   1   0   0   1
251 225.78 152.46 67.92 84.53 83.98 43.84 40.14 118 3.70 0.47 0.25 26.20 32.00 4.33 4 1 47.37 2.22 7.23 8.25 7   0   1   0   1   0   0   0   1   0   0   3   1   0   0   0   0   1   0   0   1
252 267.91 137.80 60.51 77.29 93.74 42.13 51.61 119 3.96 0.52 0.17 15.90 32.00 4.33 4 1 45.00 2.23 7.41 9.07 6   0   1   0   1   0   0   0   1   0   0   3   1   0   0   0   0   1   0   0   1
253 235.23 150.54 53.93 96.61 71.64 31.50 40.14 145 3.76 0.46 0.49 65.69 32.00 4.33 4 1 38.10 2.38 7.21 10.02 5   0   1   0   1   0   0   0   1   0   0   3   1   0   0   0   0   1   0   0   1
254 156.05 115.71 33.59 82.12 46.89 10.57 36.32 143 3.88 0.55 0.37 48.60 36.00 4.75 4 1 42.11 1.68 3.63 7.23 6   0   1   0   1   0   0   0   0   0   0   3   1   0   0   0   0   1   0   0   1
255 194.41 139.84 43.23 96.61 57.50 19.27 38.23 108 3.79 0.47 0.32 29.66 32.00 4.33 4 1 47.37 2.52 6.25 7.52 6   0   1   0   1   0   0   0   1   0   0   3   1   0   0   0   0   1   0   0   1
256 302.42 174.56 53.79 120.76 113.69 31.50 82.19 141 3.84 0.50 0.30 38.29 32.00 4.33 4 1 41.67 2.48 7.37 19.53 8   0   1   0   1   0   0   0   1   0   0   3   1   0   0   0   0   1   0   0   1
257 79.48 59.45 17.19 42.27 0.00 0.00 0.00 70 3.63 0.46 0.64 40.76 61.00 4.83 2 1 38.46 1.03 2.52 0.65 4   0   1   0   0   0   0   0   0   0   0   3   0   0   0   0   0   1   0   0   1
258 321.65 186.79 74.48 112.31 119.61 50.80 68.81 152 3.85 0.50 0.51 74.08 32.00 4.33 4 1 44.00 2.92 6.83 35.18 8   0   1   0   1   0   0   0   1   0   0   3   1   0   0   0   0   1   0   0   1
259 247.02 128.91 43.17 85.74 83.19 29.68 53.52 114 3.84 0.53 0.31 30.91 32.00 4.33 4 1 47.37 2.24 5.98 12.15 6   0   1   0   1   0   0   0   1   0   0   3   1   0   0   0   0   1   0   0   1
260 201.87 157.62 44.11 113.52 53.79 17.47 36.32 94 3.71 0.42 0.33 26.39 32.00 4.33 4 1 40.00 2.30 7.70 7.95 6   0   1   0   1   0   0   0   1   0   0   3   1   0   0   0   0   1   0   0   1
261 199.30 131.42 42.05 89.36 53.67 19.27 34.40 88 3.77 0.45 0.33 25.31 32.00 4.33 4 1 42.11 2.32 6.54 8.47 6   0   1   0   1   0   0   0   1   0   0   3   1   0   0   0   0   1   0   0   1
262 247.29 152.84 53.82 99.03 103.24 40.17 63.07 139 3.93 0.52 0.24 28.73 32.00 4.33 4 1 42.86 2.34 6.33 13.10 6   0   1   0   1   0   0   0   1   0   0   3   1   0   0   0   0   1   0   0   1
263 214.30 140.37 59.46 80.91 78.88 36.83 42.05 109 3.81 0.47 0.52 52.18 30.29 4.86 4 1 44.44 1.74 6.46 7.63 5   0   1   0   1   0   0   0   0   0   0   3   1   0   0   0   0   1   0   0   0
264 100.69 76.84 22.50 54.34 13.21 1.74 11.47 87 3.75 0.47 0.26 18.87 49.00 5.00 3 2 35.71 1.16 3.60 1.01 3   0   1   0   0   0   0   0   0   0   0   3   1   0   0   0   0   1   0   0   1
265 232.18 137.50 63.84 73.67 71.23 36.83 34.40 117 3.82 0.49 0.13 11.20 32.00 4.33 4 1 42.86 2.43 7.63 12.78 6   0   1   0   1   0   0   0   1   0   0   3   1   0   0   0   0   1   0   0   1
266 230.45 150.40 67.07 83.33 79.22 33.35 45.87 121 3.95 0.51 0.25 25.67 36.00 4.75 4 1 50.00 2.08 6.32 8.99 8   0   1   0   1   0   0   0   0   0   0   3   1   0   0   0   0   1   0   0   1
267 249.47 162.69 62.45 100.23 102.07 33.27 68.81 148 3.81 0.56 0.30 40.53 32.00 4.33 4 1 40.00 2.32 7.26 22.26 7   0   1   0   1   0   0   0   1   0   0   3   1   0   0   0   0   1   0   0   1
268 177.32 129.00 52.92 76.08 54.49 31.56 22.94 103 3.64 0.45 0.42 38.51 32.00 4.33 4 1 45.00 2.20 6.44 9.32 6   0   1   0   1   0   0   0   1   0   0   3   1   0   0   0   0   1   0   0   1
269 142.22 122.85 54.02 68.83 21.67 14.02 7.65 92 3.59 0.39 0.41 33.68 36.00 4.75 4 1 47.37 2.32 5.78 6.02 5   0   1   0   1   0   0   0   0   0   0   3   1   0   0   0   0   1   0   0   1
270 339.09 183.49 60.31 123.18 122.90 34.98 87.92 165 3.94 0.51 0.48 74.05 32.00 4.33 4 1 41.67 2.55 7.27 28.44 8   0   1   0   1   0   0   0   1   0   0   3   1   0   0   0   0   1   0   0   1
271 152.75 126.97 40.02 86.95 28.38 3.53 24.85 118 3.76 0.46 0.50 54.34 36.00 4.75 4 1 42.11 1.91 5.09 3.47 6   0   1   0   1   0   0   0   0   0   0   3   1   0   0   0   0   1   0   0   1
272 150.97 114.30 45.47 68.83 29.72 10.60 19.11 105 3.66 0.39 0.16 12.35 36.00 4.75 4 1 42.11 2.02 5.13 5.88 7   0   1   0   1   0   0   0   0   0   0   3   1   0   0   0   0   1   0   0   1
273 91.81 61.28 22.63 38.64 0.00 0.00 0.00 63 3.54 0.38 0.37 18.52 44.43 4.57 3 0 42.86 1.45 3.28 1.44 5   0   1   0   1   0   0   0   0   0   0   3   0   0   0   0   0   1   0   0   1
274 241.24 152.25 59.26 92.99 86.47 36.77 49.69 103 3.84 0.50 0.26 23.41 32.00 4.33 4 1 40.00 2.54 6.95 9.53 4   0   1   0   1   0   0   0   1   0   0   3   1   0   0   0   0   1   0   0   1
275 255.14 173.30 65.82 107.48 80.88 35.00 45.87 110 3.78 0.46 0.43 42.38 36.00 4.75 4 1 35.00 2.15 7.31 8.09 4   0   1   0   1   0   0   0   0   0   0   3   1   0   0   0   0   1   0   0   1
276 155.18 91.71 38.57 53.14 14.60 6.96 7.65 87 3.73 0.43 0.26 19.39 49.00 5.00 3 2 41.18 1.83 6.61 2.68 4   0   1   0   0   0   0   0   0   0   0   3   1   0   0   0   0   1   0   0   1
277 174.98 145.62 64.71 80.91 44.96 31.58 13.38 104 3.66 0.45 0.27 23.79 32.00 4.33 4 1 47.37 2.12 7.22 5.17 6   0   1   0   1   0   0   0   1   0   0   3   1   0   0   0   0   1   0   0   1
278 233.38 148.12 53.93 94.19 92.14 36.72 55.43 124 3.72 0.47 0.37 41.13 32.00 4.33 4 1 45.45 2.51 6.51 15.23 7   0   1   0   1   0   0   0   1   0   0   3   1   0   0   0   0   1   0   0   1
279 248.18 144.43 53.86 90.57 90.78 31.53 59.25 124 3.80 0.47 0.39 43.83 32.00 4.33 4 1 45.00 2.34 6.38 11.56 6   0   1   0   1   0   0   0   1   0   0   3   1   0   0   0   0   1   0   0   1
280 285.78 147.51 48.48 99.03 89.27 26.20 63.07 135 3.89 0.54 0.30 36.20 32.00 4.33 4 1 40.91 2.26 6.82 18.72 6   0   1   0   1   0   0   0   1   0   0   3   1   0   0   0   0   1   0   0   1
281 206.57 163.78 76.83 86.95 81.81 47.40 34.40 103 3.71 0.47 0.28 24.69 32.00 4.33 4 1 50.00 2.53 6.38 13.89 8   0   1   0   1   0   0   0   1   0   0   3   1   0   0   0   0   1   0   0   1
282 140.26 96.99 25.74 71.25 45.36 5.22 40.14 99 3.94 0.50 0.54 48.79 36.00 4.75 4 1 35.29 1.61 4.51 2.11 6   0   1   0   1   0   0   0   0   0   0   3   1   0   0   0   0   1   0   0   1
283 252.85 156.30 66.94 89.36 69.58 33.27 36.32 117 3.73 0.46 0.21 21.68 32.00 4.33 4 1 47.83 2.77 7.33 19.73 8   0   1   0   1   0   0   0   1   0   0   3   1   0   0   0   0   1   0   0   1
284 244.45 161.15 68.17 92.99 69.15 38.57 30.58 112 3.78 0.47 0.37 36.63 36.00 4.75 4 1 45.00 2.58 6.76 12.76 7   0   1   0   1   0   0   0   0   0   0   3   1   0   0   0   0   1   0   0   1
285 191.48 139.38 54.84 84.53 49.82 19.24 30.58 145 3.72 0.44 0.31 41.07 32.00 4.33 4 1 39.13 2.43 5.96 10.56 9   0   1   0   1   0   0   0   1   0   0   3   1   0   0   0   0   1   0   0   1
286 229.49 130.12 52.83 77.29 77.08 35.03 42.05 136 3.84 0.49 0.21 23.21 32.00 4.33 4 1 42.86 2.23 6.95 10.93 7   0   1   0   1   0   0   0   1   0   0   3   1   0   0   0   0   1   0   0   1
287 233.19 146.14 60.40 85.74 71.49 33.27 38.23 111 3.83 0.49 0.58 60.06 36.00 4.75 4 1 45.00 1.99 6.61 5.70 5   0   1   0   1   0   0   0   0   0   0   3   1   0   0   0   0   1   0   0   1
288 134.89 103.96 39.95 64.00 7.47 1.74 5.73 104 3.63 0.41 0.36 32.16 36.00 4.75 4 1 38.89 2.01 5.04 3.37 6   0   1   0   1   0   0   0   0   0   0   3   1   0   0   0   0   1   0   0   1
289 251.85 150.99 60.42 90.57 84.36 38.48 45.87 101 3.73 0.41 0.30 26.07 32.00 4.33 4 1 47.37 2.68 7.68 18.74 7   0   1   0   1   0   0   0   1   0   0   3   1   0   0   0   0   1   0   0   1
290 278.56 159.97 66.98 92.99 82.36 40.31 42.05 144 3.74 0.45 0.43 57.61 32.00 4.33 4 1 43.48 2.48 8.29 21.73 7   0   1   0   1   0   0   0   1   0   0   3   1   0   0   0   0   1   0   0   1
291 140.69 122.44 47.56 74.87 14.83 5.27 9.56 142 3.67 0.48 0.29 36.68 36.00 4.75 4 1 40.91 2.08 5.02 5.29 6   0   1   0   1   0   0   0   0   0   0   3   1   0   0   0   0   1   0   0   1
292 264.12 159.66 89.62 70.04 90.73 52.51 38.23 106 3.79 0.44 0.11 8.50 32.00 4.33 4 1 42.11 2.18 6.54 20.66 3   0   1   0   1   0   0   0   1   0   0   3   1   0   0   0   0   1   0   0   1
293 265.34 158.05 79.55 78.50 90.97 48.92 42.05 91 3.76 0.45 0.21 14.84 32.00 4.33 4 1 36.84 2.85 7.44 14.21 2   0   1   0   1   0   0   0   1   0   0   3   1   0   0   0   0   1   0   0   1
294 332.61 191.62 79.31 112.31 130.88 48.69 82.19 149 3.85 0.48 0.27 36.25 32.00 4.33 4 1 32.00 2.75 7.56 14.78 4   0   1   0   1   0   0   0   1   0   0   3   1   0   0   0   0   1   0   0   1
295 176.00 118.72 54.71 64.00 67.27 34.78 32.49 93 3.80 0.48 0.17 12.00 36.00 4.75 4 1 38.89 1.94 4.65 7.33 5   0   1   0   1   0   0   0   0   0   0   3   1   0   0   0   0   1   0   0   1
296 272.24 163.34 83.64 79.70 111.77 48.69 63.07 97 3.85 0.47 0.13 8.46 12.62 4.62 5 2 42.11 2.54 7.14 18.68 3   0   2   0   1   0   0   0   1   0   0   2   1   0   0   0   0   1   0   0   0
297 211.00 134.53 75.36 59.17 80.66 55.82 24.85 81 3.95 0.53 0.20 12.50 27.29 4.71 4 1 41.18 1.75 4.31 8.01 4   0   1   0   1   0   0   0   0   0   0   2   1   0   0   0   0   1   0   0   1
298 221.39 128.13 77.41 50.72 89.73 61.06 28.67 131 3.96 0.54 0.10 8.00 36.00 4.75 4 1 45.00 1.76 5.05 7.90 5   0   1   0   1   0   0   0   0   0   0   3   1   0   0   0   0   1   0   0   1
299 260.11 153.08 104.77 48.31 78.43 63.14 15.29 114 3.69 0.43 0.11 8.00 38.88 4.12 3 0 55.00 2.81 7.16 16.34 6   0   1   0   1   0   0   0   1   0   0   3   0   0   0   0   0   1   0   0   1
300 310.82 189.59 100.22 89.36 137.41 83.89 53.52 143 3.94 0.50 0.17 19.92 32.00 4.33 4 1 42.31 2.24 6.21 27.96 5   0   1   0   1   0   0   0   1   0   0   3   1   0   0   0   0   1   0   0   1
301 292.38 173.24 97.16 76.08 83.43 49.03 34.40 119 3.91 0.51 0.13 11.73 32.00 4.33 4 1 52.38 2.41 6.78 25.00 4   0   1   0   1   0   0   0   1   0   0   3   1   0   0   0   0   1   0   0   1
302 283.18 201.29 104.68 96.61 128.77 77.16 51.61 105 4.02 0.58 0.14 11.60 36.00 4.75 4 1 41.67 2.23 6.87 12.77 6   0   1   0   1   0   0   0   0   0   0   3   1   0   0   0   0   1   0   0   1
303 261.42 174.48 106.85 67.63 107.43 78.76 28.67 156 4.00 0.54 0.23 31.33 36.00 4.75 4 1 45.45 2.23 6.26 13.59 6   0   1   0   1   0   0   0   0   0   0   3   1   0   0   0   0   1   0   0   1
304 346.58 202.40 134.77 67.63 126.27 103.33 22.94 133 4.04 0.51 0.13 13.29 36.00 4.75 4 1 52.38 2.30 7.16 17.77 4   0   1   0   1   0   0   0   0   0   0   3   1   0   0   0   0   1   0   0   1
305 250.75 134.77 64.73 70.04 84.04 41.99 42.05 70 3.97 0.58 0.04 0.00 23.88 4.25 4 1 43.75 1.85 5.45 6.30 2   0   1   0   1   0   0   0   1   0   0   2   1   0   0   0   0   1   0   0   1
306 244.18 165.06 74.48 90.57 74.17 45.50 28.67 139 3.87 0.51 0.32 40.04 32.00 4.33 4 1 37.50 2.26 6.61 11.95 5   0   1   0   1   0   0   0   1   0   0   3   1   0   0   0   0   1   0   0   1
307 265.15 182.35 108.68 73.67 76.99 54.05 22.94 132 3.92 0.50 0.15 14.40 32.00 4.33 4 1 50.00 2.47 7.66 16.37 3   0   1   0   1   0   0   0   1   0   0   3   1   0   0   0   0   1   0   0   1
308 351.59 203.70 123.99 79.70 107.32 78.65 28.67 178 3.98 0.58 0.16 22.64 32.00 4.33 4 1 44.00 2.26 7.48 26.18 5   0   1   0   1   0   0   0   1   0   0   3   1   0   0   0   0   1   0   0   1
309 344.64 213.21 117.81 95.40 135.32 89.45 45.87 131 4.14 0.51 0.30 32.82 32.00 4.33 4 1 43.48 2.51 7.48 38.55 3   0   1   0   1   0   0   0   1   0   0   3   1   0   0   0   0   1   0   0   1
310 292.61 207.79 120.84 86.95 111.02 82.35 28.67 137 3.97 0.47 0.15 15.60 32.00 4.33 4 1 47.83 2.60 7.31 26.16 5   0   1   0   1   0   0   0   1   0   0   3   1   0   0   0   0   1   0   0   1
311 315.74 180.23 100.53 79.70 129.29 71.95 57.34 110 4.02 0.50 0.10 7.27 32.00 4.33 4 1 50.00 2.69 6.18 19.07 5   0   1   0   1   0   0   0   1   0   0   3   1   0   0   0   0   1   0   0   1
312 176.54 113.96 58.41 55.55 47.02 29.82 17.20 113 3.91 0.53 0.12 9.23 36.00 4.75 4 1 38.10 1.76 4.92 4.84 4   0   1   0   1   0   0   0   0   0   0   3   1   0   0   0   0   1   0   0   1
313 239.40 164.93 104.55 60.38 114.53 83.95 30.58 81 4.09 0.60 0.11 6.00 36.00 4.75 4 1 47.62 1.92 4.87 13.55 6   0   1   0   1   0   0   0   0   0   0   3   1   0   0   0   0   1   0   0   1
314 258.50 157.26 96.87 60.38 100.42 69.84 30.58 72 4.08 0.60 0.25 13.33 36.00 4.75 4 1 52.63 2.06 4.72 7.36 6   0   1   0   1   0   0   0   0   0   0   3   1   0   0   0   0   1   0   0   1
315 255.61 188.68 95.69 92.99 106.71 62.74 43.96 131 3.96 0.49 0.11 12.00 36.00 4.75 4 1 40.91 2.44 6.96 13.16 6   0   1   0   1   0   0   0   0   0   0   3   1   0   0   0   0   1   0   0   1
316 221.54 186.19 108.90 77.29 93.41 64.74 28.67 125 4.07 0.60 0.20 20.80 36.00 4.75 4 1 45.45 1.94 4.18 12.64 6   0   1   0   1   0   0   0   0   0   0   3   1   0   0   0   0   1   0   0   1
317 318.64 186.17 99.22 86.95 129.15 71.81 57.34 119 4.26 0.64 0.32 33.84 32.00 4.33 4 1 45.45 1.86 6.70 9.35 7   0   1   0   1   0   0   0   1   0   0   3   1   0   0   0   0   1   0   0   1
318 327.29 197.44 121.36 76.08 130.25 95.84 34.40 137 4.14 0.61 0.28 34.05 36.00 4.75 4 1 50.00 2.22 7.25 19.30 3   0   1   0   1   0   0   0   0   0   0   3   1   0   0   0   0   1   0   0   1
319 257.75 151.41 65.67 85.74 80.99 33.21 47.78 103 4.13 0.65 0.39 35.45 36.00 4.75 4 1 42.11 2.23 5.26 9.48 6   0   1   0   1   0   0   0   0   0   0   3   1   0   0   0   0   1   0   0   1
320 272.57 166.05 73.06 92.99 102.24 48.72 53.52 84 4.14 0.67 0.26 18.55 36.00 4.75 4 1 38.10 2.11 4.77 12.00 6   0   1   0   1   0   0   0   0   0   0   3   1   0   0   0   0   1   0   0   1
321 228.08 137.68 67.63 70.04 95.50 59.18 36.32 56 3.86 0.60 0.39 18.27 36.00 4.75 4 1 41.18 2.47 4.91 12.03 4   0   1   0   1   0   0   0   0   0   0   3   1   0   0   0   0   1   0   0   1
322 275.24 211.41 122.05 89.36 80.08 64.79 15.29 163 3.87 0.46 0.18 23.86 32.00 4.33 4 1 45.83 2.94 7.91 14.43 5   0   1   0   1   0   0   0   1   0   0   3   1   0   0   0   0   1   0   0   1
323 243.02 167.37 115.44 51.93 96.91 68.24 28.67 112 3.80 0.50 0.00 0.00 32.00 4.33 4 1 52.38 2.48 6.01 13.27 6   0   1   0   1   0   0   0   1   0   0   3   1   0   0   0   0   1   0   0   1
324 224.88 174.18 99.30 74.87 75.93 47.26 28.67 125 3.80 0.48 0.19 19.75 32.00 4.33 4 1 40.91 2.14 6.21 10.89 5   0   1   0   1   0   0   0   1   0   0   3   1   0   0   0   0   1   0   0   1
325 303.80 187.06 123.05 64.00 112.36 89.42 22.94 172 3.96 0.46 0.09 9.88 32.00 4.33 4 1 41.67 2.73 7.43 14.99 5   0   1   0   1   0   0   0   1   0   0   3   1   0   0   0   0   1   0   0   1
326 249.87 158.07 80.78 77.29 114.58 62.97 51.61 100 3.94 0.50 0.18 14.11 26.50 4.38 4 1 47.37 2.25 5.57 10.12 4   0   1   0   1   0   0   0   1   0   0   3   1   0   0   0   0   1   0   0   0
