snapshot pock_volume pock_asa pock_pol_asa pock_apol_asa pock_asa22 pock_pol_asa22 pock_apol_asa22 nb_AS mean_as_ray mean_as_solv_acc apol_as_prop mean_loc_hyd_dens hydrophobicity_score volume_score polarity_score charge_score prop_polar_atm as_density as_max_dst convex_hull_volume nb_abpa ALA ARG ASN ASP CYS GLN GLU GLY HIS ILE LEU LYS MET PHE PRO SER THR TRP TYR VAL
1 243.99 159.59 46.07 113.52 82.03 20.87 61.16 62 4.07 0.45 0.73 40.71 36.00 4.75 4 1 29.41 2.05 6.02 7.89 1   0   1   0   1   0   0   0   0   0   0   3   1   0   0   0   0   1   0   0   1
2 223.52 151.04 71.34 79.70 108.22 50.88 57.34 71 4.13 0.54 0.30 17.52 36.00 4.75 4 1 46.67 2.12 5.31 7.77 4   0   1   0   1   0   0   0   0   0   0   3   1   0   0   0   0   1   0   0   1
3 311.56 192.69 125.06 67.63 134.95 90.99 43.96 50 3.90 0.53 0.06 0.00 22.00 4.67 5 2 62.50 2.93 6.75 13.60 5   0   2   0   1   0   0   0   1   0   0   3   1   0   0   0   0   1   0   0   0
4 273.78 173.20 97.12 76.08 102.03 54.25 47.78 97 4.09 0.51 0.41 36.30 36.00 4.75 4 1 40.00 2.19 6.45 10.79 5   0   1   0   1   0   0   0   0   0   0   3   1   0   0   0   0   1   0   0   1
5 227.07 130.80 58.35 72.46 67.61 35.12 32.49 52 3.82 0.56 0.27 9.86 30.29 4.86 4 1 43.75 2.23 5.43 8.41 5   0   1   0   1   0   0   0   0   0   0   3   1   0   0   0   0   1   0   0   0
6 245.38 136.40 53.08 83.33 74.29 24.60 49.69 108 3.93 0.56 0.44 43.88 23.00 4.62 5 1 42.86 2.39 7.13 10.51 6   0   1   1   1   0   0   0   0   0   0   3   1   0   0   0   0   1   0   0   0
7 321.27 219.54 104.82 114.72 138.90 70.09 68.81 74 3.94 0.51 0.31 19.48 20.44 4.22 5 1 50.00 3.39 8.31 21.63 7   0   1   1   1   0   0   0   1   0   0   3   1   0   0   0   0   1   0   0   0
8 246.77 189.05 114.17 74.87 89.18 68.16 21.02 116 3.92 0.52 0.37 37.44 23.88 4.25 4 1 47.83 2.41 6.65 12.19 3   0   1   0   1   0   0   0   1   0   0   2   1   0   0   0   0   1   0   0   1
9 344.19 224.57 118.29 106.27 133.72 87.85 45.87 111 4.18 0.53 0.46 47.14 36.00 4.75 4 1 34.78 2.62 6.53 30.76 2   0   1   0   1   0   0   0   0   0   0   3   1   0   0   0   0   1   0   0   1
10 199.48 125.85 65.47 60.38 63.28 36.52 26.76 57 3.88 0.50 0.35 16.30 36.00 4.75 4 1 40.00 1.92 5.15 8.91 3   0   1   0   1   0   0   0   0   0   0   3   1   0   0   0   0   1   0   0   1
11 349.62 187.88 80.40 107.48 139.09 62.63 76.45 129 3.95 0.58 0.40 46.98 32.00 4.33 4 1 33.33 2.44 6.49 25.49 4   0   1   0   1   0   0   0   1   0   0   3   1   0   0   0   0   1   0   0   1
12 299.88 170.26 67.61 102.65 94.82 47.04 47.78 71 3.91 0.65 0.51 32.39 36.00 4.75 4 1 31.82 3.03 5.95 24.52 3   0   1   0   1   0   0   0   0   0   0   3   1   0   0   0   0   1   0   0   1
13 296.28 169.65 73.04 96.61 127.13 67.88 59.25 121 4.08 0.59 0.32 35.59 36.00 4.75 4 1 37.50 2.69 6.82 14.05 6   0   1   0   1   0   0   0   0   0   0   3   1   0   0   0   0   1   0   0   1
14 389.14 217.42 102.70 114.72 143.00 87.57 55.43 110 4.03 0.54 0.43 43.06 32.00 4.33 4 1 34.62 2.94 6.75 36.14 4   0   1   0   1   0   0   0   1   0   0   3   1   0   0   0   0   1   0   0   1
15 208.17 152.99 61.21 91.78 82.76 33.07 49.69 56 4.03 0.50 0.29 12.50 54.17 4.17 2 -1 33.33 2.14 3.91 4.62 3   0   0   0   1   0   0   0   0   0   0   3   0   0   0   0   0   1   0   0   1
16 261.03 175.42 95.71 79.70 117.98 85.49 32.49 64 3.82 0.57 0.25 12.12 36.00 4.75 4 1 50.00 2.33 6.53 13.54 3   0   1   0   1   0   0   0   0   0   0   3   1   0   0   0   0   1   0   0   1
17 235.58 159.85 72.90 86.95 108.48 62.60 45.87 71 4.04 0.55 0.52 32.70 43.14 4.43 3 0 31.25 2.11 5.73 8.73 2   0   0   0   1   0   0   0   0   0   0   3   1   0   0   0   0   1   0   0   1
18 303.19 159.83 94.62 65.21 103.59 74.92 28.67 46 4.07 0.59 0.11 1.60 23.88 4.25 4 1 50.00 2.51 6.45 12.24 4   0   1   0   1   0   0   0   1   0   0   2   1   0   0   0   0   1   0   0   1
19 249.74 168.62 82.88 85.74 103.05 61.01 42.05 55 3.79 0.63 0.29 12.12 27.29 4.71 4 1 47.06 2.87 7.25 14.53 4   0   1   0   1   0   0   0   0   0   0   2   1   0   0   0   0   1   0   0   1
20 237.39 125.10 70.76 54.34 86.26 55.68 30.58 48 4.02 0.59 0.12 2.67 43.14 4.43 3 0 46.15 2.06 5.70 4.04 3   0   0   0   1   0   0   0   0   0   0   3   1   0   0   0   0   1   0   0   1
21 327.86 186.30 64.33 121.97 123.06 50.43 72.63 82 4.07 0.62 0.33 23.11 32.00 4.33 4 1 31.82 2.48 7.51 19.23 3   0   1   0   1   0   0   0   1   0   0   3   1   0   0   0   0   1   0   0   1
22 279.23 189.54 68.77 120.76 94.76 48.89 45.87 75 3.98 0.53 0.45 30.53 36.00 4.75 4 1 26.09 2.51 5.98 21.03 2   0   1   0   1   0   0   0   0   0   0   3   1   0   0   0   0   1   0   0   1
23 372.62 212.81 107.74 105.06 122.67 78.70 43.96 135 4.10 0.59 0.30 36.49 32.00 4.33 4 1 44.44 2.87 6.36 44.48 8   0   1   0   1   0   0   0   1   0   0   3   1   0   0   0   0   1   0   0   1
24 310.57 149.91 90.73 59.17 105.22 63.17 42.05 46 4.18 0.69 0.15 3.14 19.17 4.83 4 1 50.00 2.78 7.51 11.19 4   0   1   0   1   0   0   0   0   0   0   2   1   0   0   0   0   1   0   0   0
25 264.89 132.34 63.50 68.83 83.55 45.33 38.23 65 4.05 0.55 0.18 8.50 36.00 4.75 4 1 41.18 1.89 4.83 7.66 4   0   1   0   1   0   0   0   0   0   0   3   1   0   0   0   0   1   0   0   1
26 237.93 104.42 65.78 38.64 65.01 42.07 22.94 55 3.91 0.54 0.13 4.00 36.00 4.75 4 1 47.06 2.03 5.63 7.92 4   0   1   0   1   0   0   0   0   0   0   3   1   0   0   0   0   1   0   0   1
27 213.47 108.66 72.43 36.23 78.66 61.46 17.20 40 3.82 0.48 0.45 13.89 49.00 5.00 3 2 46.15 2.21 5.95 5.10 2   0   1   0   0   0   0   0   0   0   0   3   1   0   0   0   0   1   0   0   1
28 0.00 0.00 0.00 0.00 0.00 0.00 0.00 0 0.00 0.00 0.00 0.00 0.00 0.00 0 0 0.00 0.00 -1.00 0.00 0   0   0   0   0   0   0   0   0   0   0   0   0   0   0   0   0   0   0   0   0
29 0.00 0.00 0.00 0.00 0.00 0.00 0.00 0 0.00 0.00 0.00 0.00 0.00 0.00 0 0 0.00 0.00 -1.00 0.00 0   0   0   0   0   0   0   0   0   0   0   0   0   0   0   0   0   0   0   0   0
30 322.69 192.20 101.62 90.57 95.03 70.18 24.85 93 3.92 0.50 0.27 21.52 32.00 4.33 4 1 36.36 2.38 7.41 26.63 3   0   1   0   1   0   0   0   1   0   0   3   1   0   0   0   0   1   0   0   1
31 299.76 186.82 104.71 82.12 112.85 82.27 30.58 93 3.75 0.47 0.40 33.35 32.00 4.33 4 1 39.13 2.74 7.15 19.70 2   0   1   0   1   0   0   0   1   0   0   3   1   0   0   0   0   1   0   0   1
32 370.43 216.40 110.13 106.27 124.37 82.32 42.05 116 4.10 0.61 0.42 44.98 36.00 4.75 4 1 40.00 2.86 6.19 29.21 4   0   1   0   1   0   0   0   0   0   0   3   1   0   0   0   0   1   0   0   1
33 344.22 219.40 109.51 109.89 143.89 92.28 51.61 76 3.96 0.55 0.29 19.00 32.00 4.33 4 1 37.50 3.31 7.97 38.00 4   0   1   0   1   0   0   0   1   0   0   3   1   0   0   0   0   1   0   0   1
34 205.30 158.66 87.41 71.25 74.67 61.29 13.38 58 3.90 0.42 0.16 5.78 27.29 4.71 4 1 42.86 2.26 4.99 9.77 3   0   1   0   1   0   0   0   0   0   0   2   1   0   0   0   0   1   0   0   1
35 177.99 129.66 74.11 55.55 60.99 41.88 19.11 68 4.10 0.53 0.49 29.39 41.00 5.00 3 2 40.00 1.54 4.00 3.16 1   0   1   0   0   0   0   0   0   0   0   2   1   0   0   0   0   1   0   0   1
36 337.28 165.95 86.25 79.70 108.64 64.68 43.96 82 3.99 0.54 0.16 10.77 36.00 4.75 4 1 40.91 2.73 6.39 30.04 5   0   1   0   1   0   0   0   0   0   0   3   1   0   0   0   0   1   0   0   1
37 404.70 241.31 136.24 105.06 153.34 99.83 53.52 133 3.89 0.51 0.40 50.04 32.00 4.33 4 1 39.29 3.47 7.48 48.70 4   0   1   0   1   0   0   0   1   0   0   3   1   0   0   0   0   1   0   0   1
38 343.45 228.48 110.13 118.35 143.46 82.30 61.16 101 4.04 0.59 0.50 47.57 36.00 4.75 4 1 40.00 2.77 6.12 33.28 5   0   1   0   1   0   0   0   0   0   0   3   1   0   0   0   0   1   0   0   1
39 277.48 156.93 69.98 86.95 76.28 41.88 34.40 51 3.92 0.52 0.43 18.82 32.00 4.33 4 1 38.89 3.07 6.89 13.61 3   0   1   0   1   0   0   0   1   0   0   3   1   0   0   0   0   1   0   0   1
40 325.50 155.11 72.99 82.12 82.95 50.46 32.49 67 3.97 0.50 0.31 16.67 36.00 4.75 4 1 33.33 2.65 5.84 15.84 4   0   1   0   1   0   0   0   0   0   0   3   1   0   0   0   0   1   0   0   1
41 204.15 104.71 60.02 44.68 66.07 46.95 19.11 31 4.03 0.58 0.23 3.43 16.43 4.29 4 1 45.45 2.09 4.86 2.43 1   0   1   0   1   0   0   0   1   0   0   2   1   0   0   0   0   1   0   0   0
42 173.34 103.53 31.07 72.46 50.06 15.65 34.40 51 3.79 0.45 0.59 26.73 49.00 5.00 3 2 35.71 2.16 4.65 3.92 3   0   1   0   0   0   0   0   0   0   0   3   1   0   0   0   0   1   0   0   1
43 287.98 194.39 111.07 83.33 118.79 78.65 40.14 75 3.81 0.46 0.25 15.89 32.00 4.33 4 1 42.86 3.25 6.87 21.01 4   0   1   0   1   0   0   0   1   0   0   3   1   0   0   0   0   1   0   0   1
44 298.18 193.03 124.19 68.83 109.54 77.05 32.49 83 3.92 0.55 0.28 19.48 26.89 4.56 4 1 42.86 2.86 6.30 22.66 4   0   1   0   1   0   0   0   0   0   0   3   1   0   0   1   0   1   0   0   1
45 213.04 148.85 73.97 74.87 86.75 50.43 36.32 55 3.77 0.43 0.45 21.12 37.75 4.00 3 0 33.33 2.69 6.34 12.55 4   0   0   0   1   0   0   0   1   0   0   3   1   0   0   0   0   1   0   0   1
46 147.71 105.00 48.24 56.76 58.41 27.82 30.58 70 3.68 0.47 0.34 20.25 43.14 4.43 3 0 31.25 1.74 5.88 3.20 2   0   0   0   1   0   0   0   0   0   0   3   1   0   0   0   0   1   0   0   1
47 330.34 172.86 66.59 106.27 100.50 46.98 53.52 69 3.90 0.54 0.35 21.33 32.00 4.33 4 1 40.91 2.74 7.32 19.31 5   0   1   0   1   0   0   0   1   0   0   3   1   0   0   0   0   1   0   0   1
48 248.86 175.92 88.98 86.95 115.09 73.04 42.05 62 3.92 0.51 0.29 14.33 37.75 4.00 3 0 46.67 2.43 6.88 13.68 4   0   0   0   1   0   0   0   1   0   0   3   1   0   0   0   0   1   0   0   1
49 310.28 167.35 82.81 84.53 111.07 57.56 53.52 67 4.05 0.68 0.34 19.22 36.00 4.75 4 1 50.00 2.90 6.63 17.07 4   0   1   0   1   0   0   0   0   0   0   3   1   0   0   0   0   1   0   0   1
50 366.38 187.71 91.10 96.61 144.29 86.95 57.34 48 4.18 0.58 0.19 6.67 37.75 4.00 3 0 37.50 2.63 6.58 7.77 2   0   0   0   1   0   0   0   1   0   0   3   1   0   0   0   0   1   0   0   1
51 249.96 173.45 94.95 78.50 74.28 43.70 30.58 81 3.71 0.40 0.53 39.02 23.88 4.25 4 1 50.00 2.61 7.05 19.56 5   0   1   0   1   0   0   0   1   0   0   2   1   0   0   0   0   1   0   0   1
52 245.10 162.21 87.34 74.87 91.29 66.45 24.85 85 3.96 0.51 0.28 19.00 37.75 4.00 3 0 41.18 2.11 6.18 7.69 3   0   0   0   1   0   0   0   1   0   0   3   1   0   0   0   0   1   0   0   1
53 0.00 0.00 0.00 0.00 0.00 0.00 0.00 0 0.00 0.00 0.00 0.00 0.00 0.00 0 0 0.00 0.00 -1.00 0.00 0   0   0   0   0   0   0   0   0   0   0   0   0   0   0   0   0   0   0   0   0
54 270.54 164.81 74.24 90.57 90.15 36.63 53.52 59 4.19 0.65 0.46 22.89 36.00 4.75 4 1 38.89 2.35 6.17 9.95 4   0   1   0   1   0   0   0   0   0   0   3   1   0   0   0   0   1   0   0   1
55 182.26 141.12 59.00 82.12 65.25 36.57 28.67 67 3.85 0.50 0.39 22.08 43.14 4.43 3 0 25.00 2.06 6.35 7.07 0   0   0   0   1   0   0   0   0   0   0   3   1   0   0   0   0   1   0   0   1
56 276.60 201.39 75.80 125.59 106.60 49.25 57.34 64 3.89 0.42 0.53 30.94 36.00 4.75 4 1 38.89 3.19 6.10 23.90 4   0   1   0   1   0   0   0   0   0   0   3   1   0   0   0   0   1   0   0   1
57 319.63 171.43 62.74 108.69 114.41 47.52 66.90 65 3.97 0.46 0.45 25.17 32.00 4.33 4 1 31.58 2.96 6.11 16.54 3   0   1   0   1   0   0   0   1   0   0   3   1   0   0   0   0   1   0   0   1
58 270.33 194.05 93.81 100.23 84.40 57.64 26.76 83 3.98 0.47 0.53 39.55 49.00 5.00 3 2 31.58 2.51 6.78 16.56 2   0   1   0   0   0   0   0   0   0   0   3   1   0   0   0   0   1   0   0   1
59 290.80 182.76 94.60 88.16 102.85 62.72 40.14 80 4.07 0.58 0.31 21.44 36.00 4.75 4 1 47.62 2.99 7.29 15.77 6   0   1   0   1   0   0   0   0   0   0   3   1   0   0   0   0   1   0   0   1
60 196.35 117.51 64.38 53.14 72.68 57.39 15.29 57 3.89 0.50 0.19 7.27 54.17 4.17 2 -1 46.15 1.63 6.10 1.03 3   0   0   0   1   0   0   0   0   0   0   3   0   0   0   0   0   1   0   0   1
61 286.02 173.73 90.40 83.33 90.22 55.82 34.40 86 4.07 0.55 0.30 22.85 36.00 4.75 4 1 42.86 2.76 5.60 20.30 6   0   1   0   1   0   0   0   0   0   0   3   1   0   0   0   0   1   0   0   1
62 303.56 155.81 78.53 77.29 101.75 55.87 45.87 87 4.12 0.59 0.25 18.18 23.88 4.25 4 1 40.00 2.50 6.35 23.86 3   0   1   0   1   0   0   0   1   0   0   2   1   0   0   0   0   1   0   0   1
63 200.36 102.83 56.94 45.89 53.75 36.55 17.20 58 3.82 0.54 0.50 25.03 43.14 4.43 3 0 40.00 2.43 6.06 3.95 3   0   0   0   1   0   0   0   0   0   0   3   1   0   0   0   0   1   0   0   1
64 103.74 98.03 55.76 42.27 61.22 38.29 22.94 34 3.67 0.62 0.41 11.14 38.00 3.50 2 -1 50.00 1.17 3.34 0.68 3   0   0   0   1   0   0   0   1   0   0   2   0   0   0   0   0   1   0   0   1
65 413.78 219.41 114.35 105.06 156.94 99.60 57.34 116 3.99 0.60 0.50 53.90 36.00 4.75 4 1 34.62 2.86 8.34 42.36 6   0   1   0   1   0   0   0   0   0   0   3   1   0   0   0   0   1   0   0   1
66 333.60 181.34 87.14 94.19 106.56 64.51 42.05 131 3.95 0.56 0.38 46.48 32.00 4.33 4 1 38.46 3.03 7.63 32.35 4   0   1   0   1   0   0   0   1   0   0   3   1   0   0   0   0   1   0   0   1
67 238.25 165.72 89.64 76.08 109.80 73.49 36.32 85 4.10 0.62 0.40 29.94 36.00 4.75 4 1 36.84 2.04 4.61 8.25 3   0   1   0   1   0   0   0   0   0   0   3   1   0   0   0   0   1   0   0   1
68 244.04 163.10 80.98 82.12 94.07 57.75 36.32 48 3.85 0.54 0.52 20.72 49.00 5.00 3 2 41.18 2.64 4.59 10.53 3   0   1   0   0   0   0   0   0   0   0   3   1   0   0   0   0   1   0   0   1
69 0.00 0.00 0.00 0.00 0.00 0.00 0.00 0 0.00 0.00 0.00 0.00 0.00 0.00 0 0 0.00 0.00 -1.00 0.00 0   0   0   0   0   0   0   0   0   0   0   0   0   0   0   0   0   0   0   0   0
70 279.43 194.78 87.30 107.48 127.47 66.31 61.16 102 3.89 0.53 0.32 28.61 36.00 4.75 4 1 40.00 2.80 6.94 17.99 4   0   1   0   1   0   0   0   0   0   0   3   1   0   0   0   0   1   0   0   1
71 0.00 0.00 0.00 0.00 0.00 0.00 0.00 0 0.00 0.00 0.00 0.00 0.00 0.00 0 0 0.00 0.00 -1.00 0.00 0   0   0   0   0   0   0   0   0   0   0   0   0   0   0   0   0   0   0   0   0
72 0.00 0.00 0.00 0.00 0.00 0.00 0.00 0 0.00 0.00 0.00 0.00 0.00 0.00 0 0 0.00 0.00 -1.00 0.00 0   0   0   0   0   0   0   0   0   0   0   0   0   0   0   0   0   0   0   0   0
73 186.39 146.00 67.50 78.50 121.68 64.34 57.34 57 3.90 0.63 0.09 2.40 45.60 4.00 2 -1 38.46 2.03 5.17 1.81 1   0   0   0   1   0   0   0   0   0   0   2   0   0   0   0   0   1   0   0   1
74 0.00 0.00 0.00 0.00 0.00 0.00 0.00 0 0.00 0.00 0.00 0.00 0.00 0.00 0 0 0.00 0.00 -1.00 0.00 0   0   0   0   0   0   0   0   0   0   0   0   0   0   0   0   0   0   0   0   0
75 276.96 162.69 82.99 79.70 102.94 62.80 40.14 120 4.04 0.57 0.45 50.22 36.00 4.75 4 1 38.10 2.67 6.45 6.38 4   0   1   0   1   0   0   0   0   0   0   3   1   0   0   0   0   1   0   0   1
76 324.65 201.77 100.33 101.44 138.07 76.91 61.16 90 4.14 0.62 0.33 25.40 36.00 4.75 4 1 40.00 2.89 7.54 24.22 4   0   1   0   1   0   0   0   0   0   0   3   1   0   0   0   0   1   0   0   1
77 389.81 266.10 97.03 169.07 175.40 64.54 110.86 111 4.05 0.51 0.56 58.23 36.00 4.75 4 1 36.00 3.52 7.80 42.49 4   0   1   0   1   0   0   0   0   0   0   3   1   0   0   0   0   1   0   0   1
78 348.98 200.18 80.62 119.56 145.35 76.54 68.81 98 3.89 0.56 0.44 39.40 36.00 4.75 4 1 32.00 3.13 8.10 42.39 3   0   1   0   1   0   0   0   0   0   0   3   1   0   0   0   0   1   0   0   1
79 372.61 209.71 113.10 96.61 149.01 101.23 47.78 76 4.15 0.53 0.14 6.91 36.00 4.75 4 1 42.11 2.91 5.73 20.31 3   0   1   0   1   0   0   0   0   0   0   3   1   0   0   0   0   1   0   0   1
80 358.82 223.19 115.71 107.48 154.41 89.42 64.99 131 4.04 0.48 0.43 51.96 36.00 4.75 4 1 33.33 2.89 7.25 28.93 3   0   1   0   1   0   0   0   0   0   0   3   1   0   0   0   0   1   0   0   1
81 323.02 181.63 95.89 85.74 123.60 87.29 36.32 101 3.98 0.49 0.40 36.20 26.89 4.56 4 1 36.36 2.84 7.11 26.54 4   0   1   0   1   0   0   0   0   0   0   3   1   0   0   1   0   1   0   0   1
82 260.30 158.66 86.20 72.46 110.01 69.87 40.14 74 3.98 0.49 0.30 18.45 36.00 4.75 4 1 41.18 2.37 6.22 9.40 3   0   1   0   1   0   0   0   0   0   0   3   1   0   0   0   0   1   0   0   1
83 301.10 207.83 89.48 118.35 127.64 64.57 63.07 92 3.81 0.46 0.47 38.98 36.00 4.75 4 1 38.10 3.11 6.49 27.50 4   0   1   0   1   0   0   0   0   0   0   3   1   0   0   0   0   1   0   0   1
84 389.29 244.18 110.13 134.05 139.96 76.88 63.07 119 4.16 0.65 0.39 42.98 36.00 4.75 4 1 42.31 3.03 8.41 25.35 7   0   1   0   1   0   0   0   0   0   0   3   1   0   0   0   0   1   0   0   1
85 309.59 233.83 84.08 149.75 153.18 59.52 93.66 106 4.19 0.50 0.51 49.85 49.00 5.00 3 2 25.00 2.21 5.60 22.74 1   0   1   0   0   0   0   0   0   0   0   3   1   0   0   0   0   1   0   0   1
86 378.87 194.64 122.18 72.46 126.87 96.29 30.58 98 4.09 0.63 0.38 32.59 36.00 4.75 4 1 42.86 2.48 6.80 21.86 5   0   1   0   1   0   0   0   0   0   0   3   1   0   0   0   0   1   0   0   1
87 219.17 163.23 60.58 102.65 81.33 31.64 49.69 95 4.05 0.52 0.58 50.95 49.00 5.00 3 2 41.18 2.47 6.12 4.48 2   0   1   0   0   0   0   0   0   0   0   3   1   0   0   0   0   1   0   0   1
88 321.42 196.59 51.67 144.92 116.46 20.90 95.57 107 4.27 0.61 0.72 72.44 36.00 4.75 4 1 33.33 2.40 6.88 18.29 4   0   1   0   1   0   0   0   0   0   0   3   1   0   0   0   0   1   0   0   1
89 356.64 189.05 75.53 113.52 130.49 75.06 55.43 102 4.02 0.59 0.49 46.16 36.00 4.75 4 1 36.00 2.84 6.60 36.58 4   0   1   0   1   0   0   0   0   0   0   3   1   0   0   0   0   1   0   0   1
90 294.53 192.14 105.19 86.95 106.23 73.74 32.49 122 3.95 0.51 0.37 41.11 36.00 4.75 4 1 40.00 2.65 7.24 22.60 4   0   1   0   1   0   0   0   0   0   0   3   1   0   0   0   0   1   0   0   1
91 280.04 133.52 42.95 90.57 88.04 38.34 49.69 61 4.12 0.70 0.52 28.00 36.00 4.75 4 1 35.00 2.83 5.98 9.66 2   0   1   0   1   0   0   0   0   0   0   3   1   0   0   0   0   1   0   0   1
92 0.00 0.00 0.00 0.00 0.00 0.00 0.00 0 0.00 0.00 0.00 0.00 0.00 0.00 0 0 0.00 0.00 -1.00 0.00 0   0   0   0   0   0   0   0   0   0   0   0   0   0   0   0   0   0   0   0   0
93 327.78 203.41 95.94 107.48 147.69 75.06 72.63 85 3.96 0.55 0.46 35.49 23.88 4.25 4 1 40.91 2.95 7.09 37.74 4   0   1   0   1   0   0   0   1   0   0   2   1   0   0   0   0   1   0   0   1
94 0.00 0.00 0.00 0.00 0.00 0.00 0.00 0 0.00 0.00 0.00 0.00 0.00 0.00 0 0 0.00 0.00 -1.00 0.00 0   0   0   0   0   0   0   0   0   0   0   0   0   0   0   0   0   0   0   0   0
95 233.69 140.24 68.99 71.25 88.42 55.93 32.49 56 3.91 0.56 0.38 15.81 36.00 4.75 4 1 46.67 2.85 6.77 4.98 4   0   1   0   1   0   0   0   0   0   0   3   1   0   0   0   0   1   0   0   1
96 202.71 123.11 38.57 84.53 78.04 22.61 55.43 31 3.98 0.63 0.61 15.58 59.50 4.67 2 1 30.77 1.87 4.61 1.15 1   0   0   0   0   0   0   0   0   0   0   3   1   0   0   0   0   1   0   0   1
97 261.48 205.09 106.07 99.03 90.07 61.40 28.67 64 3.90 0.38 0.58 32.97 49.00 5.00 3 2 47.06 2.73 6.05 15.47 2   0   1   0   0   0   0   0   0   0   0   3   1   0   0   0   0   1   0   0   1
98 225.66 147.69 80.06 67.63 84.77 56.10 28.67 98 3.62 0.46 0.24 19.75 30.29 4.86 4 1 45.00 2.72 6.23 10.47 4   0   1   0   1   0   0   0   0   0   0   3   1   0   0   0   0   1   0   0   0
99 246.95 177.73 52.14 125.59 108.94 43.95 64.99 108 4.04 0.58 0.47 46.82 36.00 4.75 4 1 22.73 2.14 6.05 8.31 2   0   1   0   1   0   0   0   0   0   0   3   1   0   0   0   0   1   0   0   1
100 0.00 0.00 0.00 0.00 0.00 0.00 0.00 0 0.00 0.00 0.00 0.00 0.00 0.00 0 0 0.00 0.00 -1.00 0.00 0   0   0   0   0   0   0   0   0   0   0   0   0   0   0   0   0   0   0   0   0
101 305.03 189.31 70.96 118.35 144.39 67.93 76.45 85 3.82 0.53 0.47 36.45 36.00 4.75 4 1 38.10 3.10 8.09 32.11 1   0   1   0   1   0   0   0   0   0   0   3   1   0   0   0   0   1   0   0   1
102 304.03 191.36 86.29 105.06 117.02 76.88 40.14 107 4.01 0.51 0.36 34.87 36.00 4.75 4 1 33.33 2.33 6.46 15.99 2   0   1   0   1   0   0   0   0   0   0   3   1   0   0   0   0   1   0   0   1
103 242.22 149.35 69.64 79.70 126.21 76.52 49.69 72 4.25 0.54 0.33 20.75 43.14 4.43 3 0 36.84 1.94 6.60 5.85 3   0   0   0   1   0   0   0   0   0   0   3   1   0   0   0   0   1   0   0   1
104 282.10 150.16 76.49 73.67 104.99 61.03 43.96 86 3.94 0.59 0.28 18.92 44.43 4.57 3 0 47.37 2.29 6.59 9.02 4   0   1   0   1   0   0   0   0   0   0   3   0   0   0   0   0   1   0   0   1
105 242.05 158.08 49.40 108.69 118.02 43.47 74.54 89 4.11 0.52 0.35 25.94 43.14 4.43 3 0 33.33 1.73 4.57 5.17 2   0   0   0   1   0   0   0   0   0   0   3   1   0   0   0   0   1   0   0   1
106 269.41 191.85 109.73 82.12 137.10 83.58 53.52 85 3.86 0.50 0.19 11.62 36.00 4.75 4 1 44.44 2.61 6.81 17.06 3   0   1   0   1   0   0   0   0   0   0   3   1   0   0   0   0   1   0   0   1
107 330.10 222.47 106.54 115.93 163.43 88.89 74.54 93 4.12 0.54 0.19 14.11 36.00 4.75 4 1 38.10 2.89 6.77 24.77 3   0   1   0   1   0   0   0   0   0   0   3   1   0   0   0   0   1   0   0   1
108 261.33 176.03 54.06 121.97 124.92 35.09 89.83 90 4.04 0.53 0.63 53.23 36.00 4.75 4 1 42.11 2.30 6.63 16.71 5   0   1   0   1   0   0   0   0   0   0   3   1   0   0   0   0   1   0   0   1
109 221.91 160.06 65.87 94.20 93.68 42.07 51.61 74 3.99 0.49 0.45 28.55 49.00 5.00 3 2 37.50 2.27 4.63 10.02 3   0   1   0   0   0   0   0   0   0   0   3   1   0   0   0   0   1   0   0   1
110 310.06 181.41 49.77 131.63 134.98 50.88 84.10 88 4.00 0.58 0.57 46.12 36.00 4.75 4 1 30.00 3.04 6.36 16.86 4   0   1   0   1   0   0   0   0   0   0   3   1   0   0   0   0   1   0   0   1
111 336.90 209.44 89.88 119.56 127.26 73.74 53.52 141 3.98 0.52 0.77 103.98 36.00 4.75 4 1 36.00 2.93 7.28 30.77 3   0   1   0   1   0   0   0   0   0   0   3   1   0   0   0   0   1   0   0   1
112 461.37 224.98 78.86 146.12 175.42 68.38 107.04 100 4.07 0.59 0.64 59.72 36.00 4.75 4 1 43.48 3.31 7.79 35.63 5   0   1   0   1   0   0   0   0   0   0   3   1   0   0   0   0   1   0   0   1
113 278.53 190.15 106.83 83.33 118.44 82.13 36.32 77 4.14 0.44 0.27 15.81 32.00 4.33 4 1 41.18 1.99 7.49 8.56 2   0   1   0   1   0   0   0   1   0   0   3   1   0   0   0   0   1   0   0   1
114 0.00 0.00 0.00 0.00 0.00 0.00 0.00 0 0.00 0.00 0.00 0.00 0.00 0.00 0 0 0.00 0.00 -1.00 0.00 0   0   0   0   0   0   0   0   0   0   0   0   0   0   0   0   0   0   0   0   0
115 403.42 194.62 110.09 84.53 133.36 85.58 47.78 108 3.99 0.59 0.27 24.55 36.00 4.75 4 1 36.00 3.28 7.58 36.94 5   0   1   0   1   0   0   0   0   0   0   3   1   0   0   0   0   1   0   0   1
116 327.33 209.29 86.12 123.18 149.72 73.26 76.45 97 4.05 0.58 0.43 38.10 36.00 4.75 4 1 37.50 3.31 7.76 24.50 4   0   1   0   1   0   0   0   0   0   0   3   1   0   0   0   0   1   0   0   1
117 367.28 231.67 114.53 117.14 153.32 99.80 53.52 105 4.09 0.60 0.36 33.68 36.00 4.75 4 1 40.00 3.36 7.58 34.64 3   0   1   0   1   0   0   0   0   0   0   3   1   0   0   0   0   1   0   0   1
118 335.13 192.70 96.09 96.61 127.94 83.98 43.96 112 4.00 0.55 0.39 39.45 36.00 4.75 4 1 36.36 2.87 7.46 35.04 2   0   1   0   1   0   0   0   0   0   0   3   1   0   0   0   0   1   0   0   1
119 275.95 181.46 89.68 91.78 112.03 69.98 42.05 67 3.89 0.49 0.39 22.23 36.00 4.75 4 1 33.33 2.85 6.13 12.07 3   0   1   0   1   0   0   0   0   0   0   3   1   0   0   0   0   1   0   0   1
120 323.70 166.46 78.31 88.16 117.54 67.85 49.69 37 4.07 0.58 0.38 10.29 43.14 4.43 3 0 35.71 2.76 6.21 11.11 1   0   0   0   1   0   0   0   0   0   0   3   1   0   0   0   0   1   0   0   1
121 293.93 182.42 91.85 90.57 116.69 61.26 55.43 74 4.35 0.68 0.45 29.21 36.00 4.75 4 1 36.84 2.45 5.09 7.08 4   0   1   0   1   0   0   0   0   0   0   3   1   0   0   0   0   1   0   0   1
122 296.30 203.41 98.34 105.06 137.08 68.27 68.81 84 4.14 0.59 0.37 26.39 36.00 4.75 4 1 40.00 2.65 6.94 15.66 5   0   1   0   1   0   0   0   0   0   0   3   1   0   0   0   0   1   0   0   1
123 297.30 173.53 85.38 88.16 125.58 68.24 57.34 117 4.00 0.53 0.49 52.74 36.00 4.75 4 1 39.13 2.95 6.23 19.98 5   0   1   0   1   0   0   0   0   0   0   3   1   0   0   0   0   1   0   0   1
124 263.14 177.05 93.73 83.33 117.20 73.23 43.96 88 3.83 0.53 0.49 38.56 36.00 4.75 4 1 38.10 3.03 7.93 19.42 3   0   1   0   1   0   0   0   0   0   0   3   1   0   0   0   0   1   0   0   1
125 136.51 104.61 51.47 53.14 68.21 45.27 22.94 39 3.74 0.46 0.31 8.00 43.14 4.43 3 0 36.36 1.89 3.81 2.52 1   0   0   0   1   0   0   0   0   0   0   3   1   0   0   0   0   1   0   0   1
126 321.53 198.24 89.55 108.69 147.05 83.98 63.07 118 3.97 0.52 0.30 31.54 36.00 4.75 4 1 31.82 2.61 5.57 30.29 4   0   1   0   1   0   0   0   0   0   0   3   1   0   0   0   0   1   0   0   1
127 286.90 201.75 101.51 100.23 124.92 75.23 49.69 85 3.98 0.62 0.25 18.00 36.00 4.75 4 1 42.86 2.79 7.05 16.29 6   0   1   0   1   0   0   0   0   0   0   3   1   0   0   0   0   1   0   0   1
128 333.31 228.03 74.66 153.37 127.24 31.67 95.57 99 3.98 0.53 0.59 53.10 36.00 4.75 4 1 39.13 3.26 7.49 45.38 5   0   1   0   1   0   0   0   0   0   0   3   1   0   0   0   0   1   0   0   1
129 381.18 248.47 90.27 158.20 152.55 62.72 89.83 70 4.03 0.56 0.37 22.77 36.00 4.75 4 1 35.00 3.51 7.69 21.62 2   0   1   0   1   0   0   0   0   0   0   3   1   0   0   0   0   1   0   0   1
130 59.18 59.83 28.43 31.40 53.27 26.51 26.76 2 4.02 0.60 0.00 0.00 41.50 6.00 1 1 50.00 0.00 0.00 0.00 1   0   1   0   0   0   0   0   0   0   0   1   0   0   0   0   0   0   0   0   0
131 308.76 205.58 60.67 144.92 122.95 36.94 86.01 118 3.95 0.46 0.65 72.05 36.00 4.75 4 1 36.36 2.70 7.04 30.17 5   0   1   0   1   0   0   0   0   0   0   3   1   0   0   0   0   1   0   0   1
132 148.87 116.78 56.40 60.38 78.79 38.65 40.14 15 3.98 0.63 0.60 5.33 39.25 5.75 2 2 44.44 1.46 3.86 0.81 1   0   1   0   0   0   0   0   0   0   0   2   1   0   0   0   0   0   0   0   0
133 0.00 0.00 0.00 0.00 0.00 0.00 0.00 0 0.00 0.00 0.00 0.00 0.00 0.00 0 0 0.00 0.00 -1.00 0.00 0   0   0   0   0   0   0   0   0   0   0   0   0   0   0   0   0   0   0   0   0
134 334.96 198.38 83.65 114.72 153.43 61.68 91.74 94 4.06 0.54 0.38 32.06 36.00 4.75 4 1 45.00 2.90 7.24 20.39 6   0   1   0   1   0   0   0   0   0   0   3   1   0   0   0   0   1   0   0   1
135 262.80 166.99 89.71 77.29 92.07 59.58 32.49 89 3.84 0.43 0.36 28.19 36.00 4.75 4 1 42.11 2.60 6.35 11.98 2   0   1   0   1   0   0   0   0   0   0   3   1   0   0   0   0   1   0   0   1
136 0.00 0.00 0.00 0.00 0.00 0.00 0.00 0 0.00 0.00 0.00 0.00 0.00 0.00 0 0 0.00 0.00 -1.00 0.00 0   0   0   0   0   0   0   0   0   0   0   0   0   0   0   0   0   0   0   0   0
137 356.39 266.47 103.44 163.03 126.98 71.55 55.43 100 3.87 0.42 0.57 53.37 36.00 4.75 4 1 28.00 3.18 7.89 47.35 3   0   1   0   1   0   0   0   0   0   0   3   1   0   0   0   0   1   0   0   1
138 197.80 144.40 67.12 77.29 65.73 35.15 30.58 93 3.78 0.43 0.68 59.24 39.38 4.75 4 2 35.00 2.97 7.16 12.42 4   0   1   1   0   0   0   0   0   0   0   3   1   0   0   0   0   1   0   0   1
139 104.34 88.66 43.97 44.68 35.99 22.61 13.38 37 3.63 0.41 0.32 8.83 43.14 4.43 3 0 41.67 1.43 4.29 1.11 2   0   0   0   1   0   0   0   0   0   0   3   1   0   0   0   0   1   0   0   1
140 276.60 183.23 91.45 91.78 106.19 67.96 38.23 100 3.95 0.50 0.29 25.10 36.00 4.75 4 1 36.36 2.69 6.99 32.04 5   0   1   0   1   0   0   0   0   0   0   3   1   0   0   0   0   1   0   0   1
141 280.44 198.04 101.43 96.61 105.25 59.38 45.87 124 3.98 0.47 0.23 24.29 36.00 4.75 4 1 42.86 2.66 5.89 14.68 5   0   1   0   1   0   0   0   0   0   0   3   1   0   0   0   0   1   0   0   1
142 359.18 230.07 85.15 144.92 152.83 63.00 89.83 97 4.06 0.48 0.63 56.62 36.00 4.75 4 1 27.27 2.82 7.09 32.76 3   0   1   0   1   0   0   0   0   0   0   3   1   0   0   0   0   1   0   0   1
143 318.35 219.03 101.89 117.14 119.12 78.99 40.14 103 3.83 0.42 0.51 48.91 32.00 4.33 4 1 39.13 3.10 7.95 28.57 4   0   1   0   1   0   0   0   1   0   0   3   1   0   0   0   0   1   0   0   1
144 257.11 180.46 64.53 115.93 115.44 50.46 64.99 112 3.93 0.59 0.54 56.27 36.00 4.75 4 1 33.33 2.87 9.15 17.47 3   0   1   0   1   0   0   0   0   0   0   3   1   0   0   0   0   1   0   0   1
145 343.37 199.49 55.78 143.71 136.96 45.21 91.74 75 3.92 0.57 0.63 43.66 36.00 4.75 4 1 29.17 3.35 7.31 39.36 4   0   1   0   1   0   0   0   0   0   0   3   1   0   0   0   0   1   0   0   1
146 174.90 114.68 57.93 56.76 75.11 52.17 22.94 47 3.73 0.63 0.43 14.30 37.67 4.50 3 0 43.75 2.64 6.55 5.88 4   0   0   0   1   0   0   0   0   0   0   3   1   0   0   0   0   1   0   0   0
147 0.00 0.00 0.00 0.00 0.00 0.00 0.00 0 0.00 0.00 0.00 0.00 0.00 0.00 0 0 0.00 0.00 -1.00 0.00 0   0   0   0   0   0   0   0   0   0   0   0   0   0   0   0   0   0   0   0   0
148 260.17 201.22 105.82 95.40 125.94 85.80 40.14 63 4.15 0.44 0.27 12.00 49.00 5.00 3 2 35.71 2.20 5.86 6.89 0   0   1   0   0   0   0   0   0   0   0   3   1   0   0   0   0   1   0   0   1
149 220.30 166.93 65.49 101.44 99.51 38.34 61.16 56 4.04 0.65 0.43 20.25 54.17 4.17 2 -1 31.25 2.17 4.59 7.22 2   0   0   0   1   0   0   0   0   0   0   3   0   0   0   0   0   1   0   0   1
150 386.42 191.38 62.17 129.22 138.35 50.43 87.92 91 4.13 0.62 0.51 41.91 37.75 4.00 3 0 28.57 2.32 7.82 23.50 3   0   0   0   1   0   0   0   1   0   0   3   1   0   0   0   0   1   0   0   1
151 304.19 192.74 97.34 95.40 139.63 84.20 55.43 131 4.08 0.53 0.52 64.09 36.00 4.75 4 1 34.62 2.60 7.08 18.75 5   0   1   0   1   0   0   0   0   0   0   3   1   0   0   0   0   1   0   0   1
152 225.96 135.74 59.66 76.08 71.69 33.46 38.23 115 3.90 0.42 0.77 84.40 49.00 5.00 3 2 30.00 2.52 5.22 9.37 2   0   1   0   0   0   0   0   0   0   0   3   1   0   0   0   0   1   0   0   1
153 320.73 157.19 75.07 82.12 118.74 74.78 43.96 54 4.10 0.58 0.26 9.57 43.14 4.43 3 0 40.00 2.40 7.17 11.29 2   0   0   0   1   0   0   0   0   0   0   3   1   0   0   0   0   1   0   0   1
154 203.85 140.85 70.80 70.04 95.99 53.94 42.05 75 3.81 0.55 0.40 25.40 43.14 4.43 3 0 38.89 2.21 5.90 8.50 5   0   0   0   1   0   0   0   0   0   0   3   1   0   0   0   0   1   0   0   1
155 332.30 171.92 76.52 95.40 140.13 73.23 66.90 121 4.04 0.61 0.39 43.23 36.00 4.75 4 1 40.91 2.75 6.92 22.56 4   0   1   0   1   0   0   0   0   0   0   3   1   0   0   0   0   1   0   0   1
156 306.82 177.20 85.42 91.78 119.82 68.21 51.61 96 3.98 0.61 0.45 38.47 36.00 4.75 4 1 42.11 2.59 5.43 19.96 3   0   1   0   1   0   0   0   0   0   0   3   1   0   0   0   0   1   0   0   1
157 254.86 173.20 86.25 86.95 93.84 57.53 36.32 78 3.90 0.51 0.33 21.62 36.00 4.75 4 1 50.00 2.56 6.69 10.25 4   0   1   0   1   0   0   0   0   0   0   3   1   0   0   0   0   1   0   0   1
158 339.35 171.99 53.64 118.35 124.30 38.29 86.01 101 4.08 0.61 0.53 50.19 36.00 4.75 4 1 36.36 2.99 8.37 21.57 6   0   1   0   1   0   0   0   0   0   0   3   1   0   0   0   0   1   0   0   1
159 254.54 143.52 30.00 113.52 92.10 15.65 76.45 56 4.14 0.53 0.84 42.89 49.00 5.00 3 2 20.00 2.57 6.52 2.34 2   0   1   0   0   0   0   0   0   0   0   3   1   0   0   0   0   1   0   0   1
160 349.36 211.54 46.09 165.45 145.64 34.78 110.86 103 4.11 0.56 0.66 63.59 28.89 4.56 5 1 30.43 3.08 8.25 24.84 4   0   1   1   1   0   0   0   0   0   0   3   1   0   0   0   0   1   0   0   1
161 331.41 194.11 60.07 134.05 126.01 40.00 86.01 130 4.08 0.58 0.65 79.86 36.00 4.75 4 1 32.00 2.72 6.54 19.82 5   0   1   0   1   0   0   0   0   0   0   3   1   0   0   0   0   1   0   0   1
162 0.00 0.00 0.00 0.00 0.00 0.00 0.00 0 0.00 0.00 0.00 0.00 0.00 0.00 0 0 0.00 0.00 -1.00 0.00 0   0   0   0   0   0   0   0   0   0   0   0   0   0   0   0   0   0   0   0   0
163 271.24 153.34 60.36 92.99 111.88 50.71 61.16 57 3.86 0.60 0.77 40.14 36.00 4.75 4 1 38.89 2.91 6.56 15.62 2   0   1   0   1   0   0   0   0   0   0   3   1   0   0   0   0   1   0   0   1
164 130.50 86.76 30.00 56.76 86.39 34.78 51.61 12 4.07 0.60 1.00 8.83 22.00 4.33 2 1 16.67 1.03 1.87 0.00 0   0   0   0   0   0   0   0   0   0   0   0   1   0   0   0   0   1   0   0   1
165 176.02 150.02 55.83 94.20 83.45 26.11 57.34 58 3.85 0.47 0.21 6.83 43.14 4.43 3 0 33.33 2.28 4.90 4.78 4   0   0   0   1   0   0   0   0   0   0   3   1   0   0   0   0   1   0   0   1
166 312.73 185.72 78.24 107.48 104.47 45.21 59.25 90 4.00 0.58 0.43 34.72 36.00 4.75 4 1 36.36 2.77 6.29 22.84 4   0   1   0   1   0   0   0   0   0   0   3   1   0   0   0   0   1   0   0   1
167 377.91 178.00 66.90 111.10 132.87 52.59 80.28 119 4.09 0.57 0.67 75.55 36.00 4.75 4 1 32.00 2.92 7.09 28.95 5   0   1   0   1   0   0   0   0   0   0   3   1   0   0   0   0   1   0   0   1
168 272.38 174.97 61.45 113.52 109.86 31.50 78.37 114 3.96 0.44 0.46 48.38 36.00 4.75 4 1 30.00 2.24 6.70 14.36 3   0   1   0   1   0   0   0   0   0   0   3   1   0   0   0   0   1   0   0   1
169 327.93 239.61 87.45 152.16 156.08 70.07 86.01 140 4.07 0.45 0.51 67.72 36.00 4.75 4 1 30.43 2.76 6.52 22.28 2   0   1   0   1   0   0   0   0   0   0   3   1   0   0   0   0   1   0   0   1
170 211.84 195.00 75.44 119.56 90.24 34.81 55.43 87 4.21 0.54 0.26 19.57 43.14 4.43 3 0 37.50 1.69 4.38 4.12 2   0   0   0   1   0   0   0   0   0   0   3   1   0   0   0   0   1   0   0   1
171 236.89 144.09 55.94 88.16 97.39 40.05 57.34 90 3.90 0.49 0.62 51.36 30.29 4.86 4 1 29.41 2.40 6.06 7.82 3   0   1   0   1   0   0   0   0   0   0   3   1   0   0   0   0   1   0   0   0
172 375.49 178.03 53.64 124.39 123.23 48.69 74.54 119 3.93 0.63 0.52 57.39 36.00 4.75 4 1 28.00 3.19 6.75 38.88 4   0   1   0   1   0   0   0   0   0   0   3   1   0   0   0   0   1   0   0   1
173 330.45 194.59 66.59 128.01 168.10 59.15 108.95 70 4.41 0.73 0.46 27.12 44.43 4.57 3 0 35.29 2.80 5.56 13.99 4   0   1   0   1   0   0   0   0   0   0   3   0   0   0   0   0   1   0   0   1
174 267.12 175.77 75.53 100.23 108.17 48.92 59.25 107 3.88 0.43 0.46 44.49 36.00 4.75 4 1 36.36 3.16 7.63 13.71 2   0   1   0   1   0   0   0   0   0   0   3   1   0   0   0   0   1   0   0   1
175 269.39 196.62 58.95 137.67 88.30 34.78 53.52 111 4.01 0.48 0.55 56.13 37.75 4.00 3 0 27.78 2.09 6.32 15.53 2   0   0   0   1   0   0   0   1   0   0   3   1   0   0   0   0   1   0   0   1
176 407.81 236.38 105.95 130.42 148.90 85.83 63.07 110 4.11 0.54 0.39 38.93 32.00 4.33 4 1 36.00 2.93 6.29 35.62 3   0   1   0   1   0   0   0   1   0   0   3   1   0   0   0   0   1   0   0   1
177 218.06 153.31 57.90 95.40 107.94 48.69 59.25 88 4.25 0.55 0.39 29.35 54.17 4.17 2 -1 35.29 1.67 6.21 3.33 3   0   0   0   1   0   0   0   0   0   0   3   0   0   0   0   0   1   0   0   1
178 155.83 129.30 37.52 91.78 57.01 22.61 34.40 90 3.75 0.48 0.77 65.39 43.14 4.43 3 0 36.84 1.87 6.38 6.14 3   0   0   0   1   0   0   0   0   0   0   3   1   0   0   0   0   1   0   0   1
179 302.48 182.84 80.20 102.65 103.18 43.93 59.25 100 3.97 0.48 0.46 41.52 36.00 4.75 4 1 47.37 2.41 6.52 17.71 6   0   1   0   1   0   0   0   0   0   0   3   1   0   0   0   0   1   0   0   1
180 284.14 218.05 88.83 129.22 102.34 52.65 49.69 97 3.69 0.40 0.54 48.04 36.00 4.75 4 1 38.10 3.33 8.67 31.98 4   0   1   0   1   0   0   0   0   0   0   3   1   0   0   0   0   1   0   0   1
181 240.96 153.15 66.20 86.95 104.57 49.14 55.43 106 3.87 0.48 0.33 30.51 30.29 4.86 4 1 38.89 2.52 5.71 4.52 4   0   1   0   1   0   0   0   0   0   0   3   1   0   0   0   0   1   0   0   0
182 237.14 160.85 61.83 99.03 90.26 38.65 51.61 85 3.89 0.48 0.44 33.19 30.29 4.86 4 1 33.33 2.50 6.34 7.32 3   0   1   0   1   0   0   0   0   0   0   3   1   0   0   0   0   1   0   0   0
183 289.01 208.23 69.35 138.88 117.72 50.82 66.90 74 3.91 0.61 0.32 20.58 36.00 4.75 4 1 34.78 2.79 7.21 17.72 5   0   1   0   1   0   0   0   0   0   0   3   1   0   0   0   0   1   0   0   1
184 298.21 210.23 52.03 158.20 142.27 33.32 108.95 68 4.08 0.59 0.54 33.30 36.00 4.75 4 1 31.82 2.90 6.87 11.61 4   0   1   0   1   0   0   0   0   0   0   3   1   0   0   0   0   1   0   0   1
185 137.29 93.56 52.50 41.06 71.97 45.21 26.76 61 3.76 0.61 0.13 4.00 54.17 4.17 2 -1 42.86 1.51 5.43 2.78 3   0   0   0   1   0   0   0   0   0   0   3   0   0   0   0   0   1   0   0   1
186 299.47 174.07 88.32 85.74 121.42 69.81 51.61 84 3.88 0.53 0.33 24.00 36.00 4.75 4 1 38.10 3.23 7.80 23.81 5   0   1   0   1   0   0   0   0   0   0   3   1   0   0   0   0   1   0   0   1
187 293.73 139.66 72.03 67.63 85.97 59.21 26.76 73 3.82 0.56 0.53 35.54 36.00 4.75 4 1 50.00 3.50 8.47 12.92 5   0   1   0   1   0   0   0   0   0   0   3   1   0   0   0   0   1   0   0   1
188 173.05 113.04 47.83 65.21 83.95 45.72 38.23 18 4.00 0.60 0.17 1.33 46.60 5.40 2 2 36.36 1.95 3.77 2.60 1   0   1   0   0   0   0   0   0   0   0   2   1   0   0   0   0   0   0   0   1
189 264.17 167.51 69.69 97.82 99.95 52.17 47.78 66 3.96 0.57 0.20 10.00 43.14 4.43 3 0 35.29 2.68 6.60 7.09 3   0   0   0   1   0   0   0   0   0   0   3   1   0   0   0   0   1   0   0   1
190 401.72 259.42 125.37 134.05 156.97 101.54 55.43 86 4.07 0.45 0.43 33.68 36.00 4.75 4 1 34.78 2.98 7.67 49.47 3   0   1   0   1   0   0   0   0   0   0   3   1   0   0   0   0   1   0   0   1
191 257.87 169.61 81.45 88.16 100.31 67.82 32.49 98 3.89 0.55 0.47 42.61 37.75 4.00 3 0 35.00 2.27 6.88 11.25 4   0   0   0   1   0   0   0   1   0   0   3   1   0   0   0   0   1   0   0   1
192 330.42 208.13 97.03 111.10 152.16 89.08 63.07 96 4.07 0.53 0.31 24.60 36.00 4.75 4 1 38.89 2.88 6.11 20.97 4   0   1   0   1   0   0   0   0   0   0   3   1   0   0   0   0   1   0   0   1
193 306.08 196.13 105.56 90.57 122.01 83.78 38.23 105 3.93 0.47 0.26 23.11 36.00 4.75 4 1 44.44 2.61 7.20 22.60 5   0   1   0   1   0   0   0   0   0   0   3   1   0   0   0   0   1   0   0   1
194 323.84 206.11 90.18 115.93 143.50 76.60 66.90 81 4.02 0.69 0.21 13.88 36.00 4.75 4 1 41.67 3.02 8.08 18.42 6   0   1   0   1   0   0   0   0   0   0   3   1   0   0   0   0   1   0   0   1
195 414.98 234.23 121.92 112.31 175.48 106.67 68.81 98 3.96 0.57 0.41 36.20 36.00 4.75 4 1 36.00 3.28 7.98 46.31 5   0   1   0   1   0   0   0   0   0   0   3   1   0   0   0   0   1   0   0   1
196 270.05 183.75 77.48 106.27 127.61 64.54 63.07 66 4.04 0.59 0.33 18.27 44.43 4.57 3 0 37.50 2.80 5.91 10.00 2   0   1   0   1   0   0   0   0   0   0   3   0   0   0   0   0   1   0   0   1
197 321.99 192.66 105.71 86.95 127.11 92.70 34.40 71 4.01 0.48 0.41 25.24 49.00 5.00 3 2 41.18 2.94 5.97 24.00 2   0   1   0   0   0   0   0   0   0   0   3   1   0   0   0   0   1   0   0   1
198 381.98 251.77 117.72 134.05 173.03 92.76 80.28 71 4.02 0.61 0.37 22.23 36.00 4.75 4 1 39.13 2.96 6.28 40.63 3   0   1   0   1   0   0   0   0   0   0   3   1   0   0   0   0   1   0   0   1
199 322.76 200.95 97.10 103.86 132.08 80.47 51.61 115 3.92 0.58 0.43 44.44 36.00 4.75 4 1 34.78 3.16 6.41 31.32 3   0   1   0   1   0   0   0   0   0   0   3   1   0   0   0   0   1   0   0   1
200 0.00 0.00 0.00 0.00 0.00 0.00 0.00 0 0.00 0.00 0.00 0.00 0.00 0.00 0 0 0.00 0.00 -1.00 0.00 0   0   0   0   0   0   0   0   0   0   0   0   0   0   0   0   0   0   0   0   0
201 304.40 225.04 107.90 117.14 156.24 87.43 68.81 92 4.11 0.58 0.32 24.62 36.00 4.75 4 1 40.00 2.66 6.73 20.43 3   0   1   0   1   0   0   0   0   0   0   3   1   0   0   0   0   1   0   0   1
202 279.84 197.47 67.05 130.42 105.58 38.68 66.90 41 4.28 0.52 0.68 24.93 49.00 5.00 3 2 31.58 2.19 5.00 7.75 3   0   1   0   0   0   0   0   0   0   0   3   1   0   0   0   0   1   0   0   1
203 112.64 74.65 13.06 61.59 47.35 5.30 42.05 11 4.14 0.61 0.91 7.80 46.60 5.40 2 2 25.00 1.03 2.52 0.12 2   0   1   0   0   0   0   0   0   0   0   2   1   0   0   0   0   0   0   0   1
204 154.26 125.65 66.47 59.17 82.58 53.91 28.67 53 3.89 0.55 0.19 5.00 54.17 4.17 2 -1 41.67 1.85 4.08 1.77 2   0   0   0   1   0   0   0   0   0   0   3   0   0   0   0   0   1   0   0   1
205 243.43 157.79 73.26 84.53 101.52 57.56 43.96 137 4.02 0.54 0.53 67.39 36.00 4.75 4 1 36.36 2.06 6.10 16.74 4   0   1   0   1   0   0   0   0   0   0   3   1   0   0   0   0   1   0   0   1
206 49.01 86.87 51.85 35.02 42.82 33.27 9.56 3 3.78 0.41 0.33 0.00 22.00 4.33 2 1 40.00 0.28 0.42 0.00 0   0   0   0   0   0   0   0   0   0   0   0   1   0   0   0   0   1   0   0   1
207 200.35 138.24 52.50 85.74 96.65 46.95 49.69 54 3.99 0.55 0.59 28.00 59.50 4.67 2 1 35.71 2.18 4.58 5.39 2   0   0   0   0   0   0   0   0   0   0   3   1   0   0   0   0   1   0   0   1
208 321.45 224.71 114.81 109.89 131.53 89.48 42.05 74 3.86 0.49 0.57 38.33 36.00 4.75 4 1 38.10 3.46 8.39 37.51 3   0   1   0   1   0   0   0   0   0   0   3   1   0   0   0   0   1   0   0   1
209 255.99 186.31 67.97 118.35 104.37 48.95 55.43 131 4.03 0.54 0.53 65.26 36.00 4.75 4 1 33.33 2.73 6.34 12.91 4   0   1   0   1   0   0   0   0   0   0   3   1   0   0   0   0   1   0   0   1
210 285.48 179.08 98.17 80.91 148.22 90.88 57.34 71 3.93 0.65 0.15 6.18 30.29 4.86 4 1 42.86 2.54 8.98 14.30 5   0   1   0   1   0   0   0   0   0   0   3   1   0   0   0   0   1   0   0   0
211 341.46 228.28 109.93 118.35 140.16 73.26 66.90 98 4.00 0.52 0.53 47.35 36.00 4.75 4 1 36.36 3.06 7.69 25.36 4   0   1   0   1   0   0   0   0   0   0   3   1   0   0   0   0   1   0   0   1
212 361.41 207.31 93.79 113.52 130.80 71.55 59.25 86 4.22 0.67 0.34 24.97 32.00 4.33 4 1 37.50 2.82 7.35 20.95 5   0   1   0   1   0   0   0   1   0   0   3   1   0   0   0   0   1   0   0   1
213 359.38 223.86 126.05 97.82 134.44 94.30 40.14 94 4.08 0.46 0.21 16.30 32.00 4.33 4 1 40.91 2.94 7.92 29.44 4   0   1   0   1   0   0   0   1   0   0   3   1   0   0   0   0   1   0   0   1
214 129.70 107.55 70.11 37.44 58.85 45.47 13.38 68 3.81 0.47 0.18 8.00 43.14 4.43 3 0 46.15 1.67 3.94 0.82 3   0   0   0   1   0   0   0   0   0   0   3   1   0   0   0   0   1   0   0   1
215 224.10 167.83 94.17 73.67 94.74 71.81 22.94 126 3.94 0.49 0.26 27.21 30.29 4.86 4 1 44.44 2.24 5.41 6.24 4   0   1   0   1   0   0   0   0   0   0   3   1   0   0   0   0   1   0   0   0
216 332.02 194.07 72.10 121.97 102.24 48.72 53.52 91 3.86 0.46 0.51 42.74 36.00 4.75 4 1 39.13 3.15 7.85 31.26 6   0   1   0   1   0   0   0   0   0   0   3   1   0   0   0   0   1   0   0   1
217 263.12 165.02 84.10 80.91 118.99 75.03 43.96 99 3.90 0.51 0.25 21.84 36.00 4.75 4 1 31.82 2.87 5.99 22.68 3   0   1   0   1   0   0   0   0   0   0   3   1   0   0   0   0   1   0   0   1
218 359.97 178.74 89.37 89.36 137.62 80.27 57.34 89 3.98 0.56 0.34 25.67 36.00 4.75 4 1 45.45 2.56 7.36 35.40 6   0   1   0   1   0   0   0   0   0   0   3   1   0   0   0   0   1   0   0   1
219 0.00 0.00 0.00 0.00 0.00 0.00 0.00 0 0.00 0.00 0.00 0.00 0.00 0.00 0 0 0.00 0.00 -1.00 0.00 0   0   0   0   0   0   0   0   0   0   0   0   0   0   0   0   0   0   0   0   0
220 302.89 195.99 95.76 100.23 112.74 80.25 32.49 78 4.01 0.47 0.40 26.97 49.00 5.00 3 2 35.29 2.75 5.39 23.10 2   0   1   0   0   0   0   0   0   0   0   3   1   0   0   0   0   1   0   0   1
221 341.62 200.71 95.65 105.06 150.54 83.64 66.90 108 3.86 0.53 0.52 52.39 36.00 4.75 4 1 36.00 2.99 8.77 32.98 4   0   1   0   1   0   0   0   0   0   0   3   1   0   0   0   0   1   0   0   1
222 0.00 0.00 0.00 0.00 0.00 0.00 0.00 0 0.00 0.00 0.00 0.00 0.00 0.00 0 0 0.00 0.00 -1.00 0.00 0   0   0   0   0   0   0   0   0   0   0   0   0   0   0   0   0   0   0   0   0
223 277.80 157.63 63.44 94.19 116.35 60.92 55.43 88 3.98 0.60 0.31 22.89 36.00 4.75 4 1 38.10 2.16 8.97 14.98 5   0   1   0   1   0   0   0   0   0   0   3   1   0   0   0   0   1   0   0   1
224 239.35 186.13 79.86 106.27 101.17 62.94 38.23 69 3.99 0.56 0.49 29.29 49.00 5.00 3 2 38.89 2.52 5.20 10.67 4   0   1   0   0   0   0   0   0   0   0   3   1   0   0   0   0   1   0   0   1
225 442.65 240.96 140.73 100.23 175.80 128.02 47.78 79 4.08 0.54 0.43 31.00 36.00 4.75 4 1 39.13 3.24 7.00 32.67 3   0   1   0   1   0   0   0   0   0   0   3   1   0   0   0   0   1   0   0   1
226 286.46 150.30 62.14 88.16 112.64 59.13 53.52 77 3.84 0.51 0.09 3.43 46.43 3.71 2 -1 40.00 2.12 5.79 4.54 2   0   0   0   1   0   0   0   1   0   0   3   0   0   0   0   0   1   0   0   1
227 269.53 183.07 92.50 90.57 99.29 61.06 38.23 63 4.09 0.50 0.63 35.20 27.29 4.71 4 1 43.75 3.01 7.94 9.89 3   0   1   0   1   0   0   0   0   0   0   2   1   0   0   0   0   1   0   0   1
228 74.01 80.35 36.87 43.47 62.80 24.57 38.23 6 3.56 0.56 0.83 3.20 37.00 5.50 1 1 28.57 1.16 2.60 0.00 0   0   0   0   0   0   0   0   0   0   0   1   1   0   0   0   0   0   0   0   0
229 0.00 0.00 0.00 0.00 0.00 0.00 0.00 0 0.00 0.00 0.00 0.00 0.00 0.00 0 0 0.00 0.00 -1.00 0.00 0   0   0   0   0   0   0   0   0   0   0   0   0   0   0   0   0   0   0   0   0
230 341.46 201.88 55.76 146.12 144.60 45.21 99.39 86 4.09 0.63 0.48 37.27 43.14 4.43 3 0 26.09 2.85 5.94 24.02 2   0   0   0   1   0   0   0   0   0   0   3   1   0   0   0   0   1   0   0   1
231 0.00 0.00 0.00 0.00 0.00 0.00 0.00 0 0.00 0.00 0.00 0.00 0.00 0.00 0 0 0.00 0.00 -1.00 0.00 0   0   0   0   0   0   0   0   0   0   0   0   0   0   0   0   0   0   0   0   0
232 267.65 177.50 48.28 129.22 137.53 40.05 97.48 70 4.10 0.62 0.40 23.14 43.14 4.43 3 0 27.78 2.16 5.17 13.18 2   0   0   0   1   0   0   0   0   0   0   3   1   0   0   0   0   1   0   0   1
233 293.70 175.33 67.86 107.48 110.60 43.70 66.90 90 3.85 0.48 0.58 46.54 36.00 4.75 4 1 42.86 2.72 7.91 12.61 4   0   1   0   1   0   0   0   0   0   0   3   1   0   0   0   0   1   0   0   1
234 298.60 155.42 63.64 91.78 107.28 59.49 47.78 70 3.96 0.58 0.70 44.90 36.00 4.75 4 1 28.57 2.76 5.27 15.02 1   0   1   0   1   0   0   0   0   0   0   3   1   0   0   0   0   1   0   0   1
235 0.00 0.00 0.00 0.00 0.00 0.00 0.00 0 0.00 0.00 0.00 0.00 0.00 0.00 0 0 0.00 0.00 -1.00 0.00 0   0   0   0   0   0   0   0   0   0   0   0   0   0   0   0   0   0   0   0   0
236 415.83 223.02 88.98 134.05 178.19 73.07 105.12 85 3.98 0.57 0.54 42.43 36.00 4.75 4 1 30.77 3.32 8.01 35.71 4   0   1   0   1   0   0   0   0   0   0   3   1   0   0   0   0   1   0   0   1
237 195.64 134.23 46.07 88.16 83.43 26.08 57.34 65 4.07 0.51 0.55 32.22 43.14 4.43 3 0 35.71 1.86 3.70 2.15 2   0   0   0   1   0   0   0   0   0   0   3   1   0   0   0   0   1   0   0   1
238 233.77 156.72 70.98 85.74 88.39 55.90 32.49 65 3.82 0.50 0.40 21.69 29.29 3.86 3 0 41.18 2.12 8.32 12.60 4   0   0   0   1   0   0   0   1   0   0   2   1   0   0   0   0   1   0   0   1
239 261.93 157.18 77.48 79.70 123.82 64.57 59.25 65 3.86 0.58 0.49 27.62 36.00 4.75 4 1 44.44 3.25 8.44 12.75 5   0   1   0   1   0   0   0   0   0   0   3   1   0   0   0   0   1   0   0   1
240 190.50 116.37 63.24 53.14 90.22 53.91 36.32 59 3.84 0.60 0.17 4.80 54.17 4.17 2 -1 46.15 1.93 5.68 2.76 4   0   0   0   1   0   0   0   0   0   0   3   0   0   0   0   0   1   0   0   1
241 131.00 94.00 58.97 35.02 67.12 55.65 11.47 28 3.71 0.49 0.14 0.00 45.60 4.00 2 -1 45.45 1.90 4.17 0.54 3   0   0   0   1   0   0   0   0   0   0   2   0   0   0   0   0   1   0   0   1
242 375.75 191.73 80.62 111.10 142.39 69.76 72.63 103 3.99 0.59 0.48 45.10 32.00 4.33 4 1 38.46 3.15 7.43 30.75 5   0   1   0   1   0   0   0   1   0   0   3   1   0   0   0   0   1   0   0   1
243 241.31 144.81 67.52 77.29 107.08 57.39 49.69 63 3.81 0.55 0.40 20.72 43.14 4.43 3 0 31.25 2.49 6.15 11.01 2   0   0   0   1   0   0   0   0   0   0   3   1   0   0   0   0   1   0   0   1
244 291.37 205.06 78.26 126.80 139.62 76.54 63.07 68 3.96 0.61 0.38 22.62 36.00 4.75 4 1 33.33 2.94 6.74 18.79 3   0   1   0   1   0   0   0   0   0   0   3   1   0   0   0   0   1   0   0   1
245 261.75 187.57 45.07 142.50 121.34 29.59 91.74 74 3.88 0.56 0.39 25.52 43.14 4.43 3 0 29.41 2.26 5.68 11.53 4   0   0   0   1   0   0   0   0   0   0   3   1   0   0   0   0   1   0   0   1
246 325.18 200.92 57.21 143.71 148.62 47.32 101.30 114 3.90 0.53 0.55 58.70 36.00 4.75 4 1 30.43 3.21 7.42 37.54 4   0   1   0   1   0   0   0   0   0   0   3   1   0   0   0   0   1   0   0   1
247 0.00 0.00 0.00 0.00 0.00 0.00 0.00 0 0.00 0.00 0.00 0.00 0.00 0.00 0 0 0.00 0.00 -1.00 0.00 0   0   0   0   0   0   0   0   0   0   0   0   0   0   0   0   0   0   0   0   0
248 335.59 202.68 61.38 141.29 153.87 50.66 103.21 78 3.94 0.62 0.47 33.24 36.00 4.75 4 1 33.33 3.10 7.51 38.68 3   0   1   0   1   0   0   0   0   0   0   3   1   0   0   0   0   1   0   0   1
249 316.34 215.98 51.74 164.24 151.74 33.24 118.50 67 4.13 0.60 0.51 30.82 36.00 4.75 4 1 28.57 3.06 6.48 19.97 3   0   1   0   1   0   0   0   0   0   0   3   1   0   0   0   0   1   0   0   1
250 345.34 166.14 70.74 95.40 127.24 66.08 61.16 102 4.14 0.57 0.36 32.65 36.00 4.75 4 1 35.00 2.57 7.38 27.05 4   0   1   0   1   0   0   0   0   0   0   3   1   0   0   0   0   1   0   0   1
251 175.62 115.08 35.38 79.70 83.08 29.56 53.52 29 3.96 0.62 0.90 22.00 49.00 5.00 3 2 28.57 1.95 4.07 3.16 2   0   1   0   0   0   0   0   0   0   0   3   1   0   0   0   0   1   0   0   1
252 202.52 144.10 64.40 79.70 98.79 45.27 53.52 44 3.96 0.61 0.36 11.88 43.14 4.43 3 0 40.00 2.37 4.90 5.05 3   0   0   0   1   0   0   0   0   0   0   3   1   0   0   0   0   1   0   0   1
253 206.48 126.01 64.42 61.59 74.26 41.76 32.49 40 4.12 0.66 0.45 12.11 43.14 4.43 3 0 38.46 2.03 6.44 4.43 2   0   0   0   1   0   0   0   0   0   0   3   1   0   0   0   0   1   0   0   1
254 287.00 172.21 80.43 91.78 118.55 57.39 61.16 74 4.18 0.57 0.32 20.50 43.14 4.43 3 0 43.75 2.01 6.90 7.66 5   0   0   0   1   0   0   0   0   0   0   3   1   0   0   0   0   1   0   0   1
255 309.80 198.63 74.24 124.39 139.45 61.09 78.37 92 4.04 0.57 0.60 51.49 36.00 4.75 4 1 40.00 3.28 7.48 13.85 4   0   1   0   1   0   0   0   0   0   0   3   1   0   0   0   0   1   0   0   1
256 284.94 190.15 62.14 128.01 116.45 40.00 76.45 72 3.95 0.55 0.49 31.14 36.00 4.75 4 1 27.27 2.68 6.72 17.61 1   0   1   0   1   0   0   0   0   0   0   3   1   0   0   0   0   1   0   0   1
257 350.13 190.74 57.90 132.84 153.30 53.91 99.39 133 4.19 0.63 0.47 57.84 36.00 4.75 4 1 36.00 2.31 8.46 15.95 2   0   1   0   1   0   0   0   0   0   0   3   1   0   0   0   0   1   0   0   1
258 0.00 0.00 0.00 0.00 0.00 0.00 0.00 0 0.00 0.00 0.00 0.00 0.00 0.00 0 0 0.00 0.00 -1.00 0.00 0   0   0   0   0   0   0   0   0   0   0   0   0   0   0   0   0   0   0   0   0
259 358.60 202.30 81.54 120.76 140.97 62.60 78.37 60 4.15 0.60 0.32 15.79 43.14 4.43 3 0 33.33 2.69 6.58 12.94 3   0   0   0   1   0   0   0   0   0   0   3   1   0   0   0   0   1   0   0   1
260 246.16 180.76 98.64 82.12 128.54 92.22 36.32 56 4.03 0.58 0.14 5.25 54.17 4.17 2 -1 42.86 2.05 6.00 3.75 1   0   0   0   1   0   0   0   0   0   0   3   0   0   0   0   0   1   0   0   1
261 0.00 0.00 0.00 0.00 0.00 0.00 0.00 0 0.00 0.00 0.00 0.00 0.00 0.00 0 0 0.00 0.00 -1.00 0.00 0   0   0   0   0   0   0   0   0   0   0   0   0   0   0   0   0   0   0   0   0
262 341.96 228.57 96.94 131.63 156.32 85.60 70.72 68 3.96 0.63 0.49 28.30 36.00 4.75 4 1 33.33 3.47 7.26 27.84 3   0   1   0   1   0   0   0   0   0   0   3   1   0   0   0   0   1   0   0   1
263 271.24 195.71 58.04 137.67 99.73 36.66 63.07 115 3.83 0.48 0.68 74.31 36.00 4.75 4 1 29.17 2.81 7.05 29.76 2   0   1   0   1   0   0   0   0   0   0   3   1   0   0   0   0   1   0   0   1
264 348.71 238.57 71.92 166.65 160.66 57.44 103.21 78 4.22 0.62 0.59 42.83 32.00 4.33 4 1 34.78 3.51 7.78 22.78 4   0   1   0   1   0   0   0   1   0   0   3   1   0   0   0   0   1   0   0   1
265 0.00 0.00 0.00 0.00 0.00 0.00 0.00 0 0.00 0.00 0.00 0.00 0.00 0.00 0 0 0.00 0.00 -1.00 0.00 0   0   0   0   0   0   0   0   0   0   0   0   0   0   0   0   0   0   0   0   0
266 234.95 173.95 56.81 117.14 139.57 57.39 82.19 69 4.17 0.59 0.32 17.55 43.14 4.43 3 0 35.71 1.65 5.18 5.25 3   0   0   0   1   0   0   0   0   0   0   3   1   0   0   0   0   1   0   0   1
267 351.04 196.03 84.93 111.10 139.47 80.22 59.25 74 4.16 0.60 0.42 27.29 36.00 4.75 4 1 38.10 3.02 8.26 25.56 4   0   1   0   1   0   0   0   0   0   0   3   1   0   0   0   0   1   0   0   1
268 193.53 145.64 41.79 103.86 90.73 29.56 61.16 77 3.98 0.59 0.61 43.06 43.14 4.43 3 0 26.32 2.15 5.11 4.67 2   0   0   0   1   0   0   0   0   0   0   3   1   0   0   0   0   1   0   0   1
269 359.44 202.68 91.58 111.10 144.33 69.78 74.54 90 4.00 0.56 0.48 39.16 32.00 4.33 4 1 33.33 3.03 7.89 29.23 2   0   1   0   1   0   0   0   1   0   0   3   1   0   0   0   0   1   0   0   1
270 230.66 127.30 43.97 83.33 73.35 31.30 42.05 100 3.98 0.60 0.49 43.92 36.00 4.75 4 1 36.84 2.55 6.33 9.95 4   0   1   0   1   0   0   0   0   0   0   3   1   0   0   0   0   1   0   0   1
271 337.55 166.82 65.38 101.44 106.55 43.47 63.07 112 4.08 0.60 0.49 51.53 36.00 4.75 4 1 36.00 2.76 6.78 28.22 4   0   1   0   1   0   0   0   0   0   0   3   1   0   0   0   0   1   0   0   1
272 333.35 179.94 68.84 111.10 124.14 61.06 63.07 89 4.03 0.53 0.61 49.67 36.00 4.75 4 1 34.78 3.01 7.94 18.78 4   0   1   0   1   0   0   0   0   0   0   3   1   0   0   0   0   1   0   0   1
273 288.27 187.36 94.37 92.99 127.87 91.55 36.32 145 3.88 0.50 0.37 48.26 30.44 5.00 5 2 36.36 2.29 7.04 18.16 3   0   2   0   1   0   0   0   0   0   0   3   1   0   0   0   0   1   0   0   1
274 262.92 159.32 69.95 89.36 117.12 54.05 63.07 71 4.01 0.68 0.39 23.93 37.75 4.00 3 0 33.33 2.62 6.82 14.07 2   0   0   0   1   0   0   0   1   0   0   3   1   0   0   0   0   1   0   0   1
275 257.39 153.51 67.77 85.74 109.65 52.31 57.34 93 3.84 0.45 0.65 56.30 36.00 4.75 4 1 31.82 2.62 7.45 11.37 4   0   1   0   1   0   0   0   0   0   0   3   1   0   0   0   0   1   0   0   1
276 275.83 166.84 67.81 99.03 114.81 59.38 55.43 98 3.92 0.47 0.43 37.71 36.00 4.75 4 1 31.82 2.84 7.35 12.28 3   0   1   0   1   0   0   0   0   0   0   3   1   0   0   0   0   1   0   0   1
277 340.02 169.42 64.35 105.06 146.19 67.82 78.37 63 4.06 0.61 0.35 18.82 43.14 4.43 3 0 33.33 2.30 6.73 16.05 3   0   0   0   1   0   0   0   0   0   0   3   1   0   0   0   0   1   0   0   1
278 328.83 191.58 63.57 128.01 129.08 50.71 78.37 108 4.07 0.63 0.46 46.48 36.00 4.75 4 1 36.00 2.79 6.47 25.53 6   0   1   0   1   0   0   0   0   0   0   3   1   0   0   0   0   1   0   0   1
279 385.66 225.04 75.29 149.75 153.44 54.05 99.39 78 4.18 0.67 0.44 29.88 36.00 4.75 4 1 33.33 3.32 6.91 25.77 4   0   1   0   1   0   0   0   0   0   0   3   1   0   0   0   0   1   0   0   1
280 240.59 154.40 49.33 105.06 102.37 27.82 74.54 75 4.05 0.59 0.37 23.29 43.14 4.43 3 0 41.18 2.16 7.06 10.65 5   0   0   0   1   0   0   0   0   0   0   3   1   0   0   0   0   1   0   0   1
281 334.68 188.32 50.65 137.67 151.08 40.22 110.86 113 4.17 0.67 0.42 44.58 36.00 4.75 4 1 34.78 2.51 7.57 28.79 4   0   1   0   1   0   0   0   0   0   0   3   1   0   0   0   0   1   0   0   1
282 0.00 0.00 0.00 0.00 0.00 0.00 0.00 0 0.00 0.00 0.00 0.00 0.00 0.00 0 0 0.00 0.00 -1.00 0.00 0   0   0   0   0   0   0   0   0   0   0   0   0   0   0   0   0   0   0   0   0
283 314.45 205.50 36.43 169.07 133.81 19.13 114.68 98 4.00 0.61 0.53 47.54 36.00 4.75 4 1 34.78 2.41 7.56 30.36 4   0   1   0   1   0   0   0   0   0   0   3   1   0   0   0   0   1   0   0   1
284 302.03 201.24 53.90 147.33 129.61 24.49 105.12 78 4.09 0.51 0.56 40.32 36.00 4.75 4 1 33.33 2.70 6.55 13.51 3   0   1   0   1   0   0   0   0   0   0   3   1   0   0   0   0   1   0   0   1
285 224.49 169.62 36.78 132.84 93.70 21.06 72.63 102 3.89 0.51 0.71 66.94 36.00 4.75 4 1 29.41 2.51 6.08 8.59 2   0   1   0   1   0   0   0   0   0   0   3   1   0   0   0   0   1   0   0   1
286 314.72 178.32 62.39 115.93 131.87 59.24 72.63 103 3.94 0.63 0.60 57.71 36.00 4.75 4 1 32.00 3.01 7.10 29.06 4   0   1   0   1   0   0   0   0   0   0   3   1   0   0   0   0   1   0   0   1
287 300.64 145.06 67.77 77.29 111.02 57.50 53.52 101 4.03 0.64 0.34 29.24 43.14 4.43 3 0 36.84 2.22 6.02 13.45 3   0   0   0   1   0   0   0   0   0   0   3   1   0   0   0   0   1   0   0   1
288 264.33 159.43 68.86 90.57 105.88 52.37 53.52 108 3.95 0.57 0.32 31.03 36.00 4.75 4 1 38.10 2.45 6.31 13.01 2   0   1   0   1   0   0   0   0   0   0   3   1   0   0   0   0   1   0   0   1
289 378.83 208.54 93.81 114.72 149.97 71.61 78.37 94 4.00 0.56 0.37 31.37 36.00 4.75 4 1 37.50 3.36 7.83 32.47 5   0   1   0   1   0   0   0   0   0   0   3   1   0   0   0   0   1   0   0   1
290 375.31 193.86 85.18 108.69 120.40 61.15 59.25 136 4.05 0.62 0.62 79.60 36.00 4.75 4 1 37.04 2.92 8.14 41.35 5   0   1   0   1   0   0   0   0   0   0   3   1   0   0   0   0   1   0   0   1
291 252.79 145.52 62.19 83.33 127.59 62.60 64.99 52 4.05 0.59 0.25 9.08 43.14 4.43 3 0 35.71 2.13 5.71 8.76 3   0   0   0   1   0   0   0   0   0   0   3   1   0   0   0   0   1   0   0   1
292 254.87 166.42 61.36 105.06 108.77 41.88 66.90 98 4.03 0.58 0.57 51.89 36.00 4.75 4 1 28.57 2.57 6.81 13.09 2   0   1   0   1   0   0   0   0   0   0   3   1   0   0   0   0   1   0   0   1
293 395.80 223.85 86.18 137.67 155.88 69.87 86.01 110 4.16 0.59 0.50 51.09 36.00 4.75 4 1 33.33 3.05 7.07 28.94 4   0   1   0   1   0   0   0   0   0   0   3   1   0   0   0   0   1   0   0   1
294 326.43 190.23 65.85 124.39 121.43 50.71 70.72 119 4.15 0.55 0.46 50.73 36.00 4.75 4 1 31.82 2.06 6.97 29.49 3   0   1   0   1   0   0   0   0   0   0   3   1   0   0   0   0   1   0   0   1
295 294.28 185.14 96.98 88.16 119.42 69.73 49.69 110 3.91 0.51 0.48 49.02 36.00 4.75 4 1 40.91 3.22 7.26 27.65 3   0   1   0   1   0   0   0   0   0   0   3   1   0   0   0   0   1   0   0   1
296 360.38 182.42 101.51 80.91 151.29 99.69 51.61 70 4.15 0.53 0.23 13.12 36.00 4.75 4 1 40.00 2.75 7.90 36.71 4   0   1   0   1   0   0   0   0   0   0   3   1   0   0   0   0   1   0   0   1
297 296.28 175.31 89.57 85.74 129.29 70.04 59.25 95 4.04 0.57 0.44 38.38 36.00 4.75 4 1 45.45 2.76 6.05 12.19 6   0   1   0   1   0   0   0   0   0   0   3   1   0   0   0   0   1   0   0   1
298 255.83 155.58 60.18 95.40 82.30 38.34 43.96 77 4.05 0.54 0.44 30.59 49.00 5.00 3 2 33.33 2.17 6.10 11.77 4   0   1   0   0   0   0   0   0   0   0   3   1   0   0   0   0   1   0   0   1
299 349.55 195.84 100.44 95.40 120.44 82.21 38.23 49 3.95 0.51 0.61 27.07 36.00 4.75 4 1 40.00 3.03 6.48 31.25 3   0   1   0   1   0   0   0   0   0   0   3   1   0   0   0   0   1   0   0   1
300 208.91 163.16 84.67 78.50 98.92 62.60 36.32 73 3.91 0.54 0.27 16.40 43.14 4.43 3 0 40.00 2.26 5.30 6.71 3   0   0   0   1   0   0   0   0   0   0   3   1   0   0   0   0   1   0   0   1
301 217.79 149.76 76.10 73.67 109.87 67.82 42.05 79 3.97 0.57 0.46 32.00 43.14 4.43 3 0 35.29 2.06 5.74 6.43 3   0   0   0   1   0   0   0   0   0   0   3   1   0   0   0   0   1   0   0   1
302 346.02 201.39 92.70 108.69 133.96 78.54 55.43 106 4.08 0.56 0.27 24.55 32.00 4.33 4 1 38.10 2.90 5.96 17.51 3   0   1   0   1   0   0   0   1   0   0   3   1   0   0   0   0   1   0   0   1
303 315.73 163.15 67.75 95.40 94.53 50.57 43.96 72 3.87 0.58 0.47 29.65 36.00 4.75 4 1 35.00 3.23 7.43 19.81 5   0   1   0   1   0   0   0   0   0   0   3   1   0   0   0   0   1   0   0   1
304 353.32 211.60 108.95 102.65 149.24 99.54 49.69 113 4.15 0.55 0.25 24.36 36.00 4.75 4 1 39.13 2.80 7.56 25.60 4   0   1   0   1   0   0   0   0   0   0   3   1   0   0   0   0   1   0   0   1
305 0.00 0.00 0.00 0.00 0.00 0.00 0.00 0 0.00 0.00 0.00 0.00 0.00 0.00 0 0 0.00 0.00 -1.00 0.00 0   0   0   0   0   0   0   0   0   0   0   0   0   0   0   0   0   0   0   0   0
306 0.00 0.00 0.00 0.00 0.00 0.00 0.00 0 0.00 0.00 0.00 0.00 0.00 0.00 0 0 0.00 0.00 -1.00 0.00 0   0   0   0   0   0   0   0   0   0   0   0   0   0   0   0   0   0   0   0   0
307 290.01 193.36 79.84 113.52 143.05 64.68 78.37 83 3.98 0.52 0.61 47.41 36.00 4.75 4 1 36.36 2.97 6.60 12.82 3   0   1   0   1   0   0   0   0   0   0   3   1   0   0   0   0   1   0   0   1
308 285.67 217.12 63.75 153.37 107.95 31.50 76.45 101 4.05 0.47 0.66 63.31 36.00 4.75 4 1 33.33 2.77 6.30 24.67 3   0   1   0   1   0   0   0   0   0   0   3   1   0   0   0   0   1   0   0   1
309 304.22 200.63 78.66 121.97 104.37 48.95 55.43 106 3.83 0.50 0.44 43.49 36.00 4.75 4 1 31.82 2.93 6.20 32.89 3   0   1   0   1   0   0   0   0   0   0   3   1   0   0   0   0   1   0   0   1
310 235.08 157.82 60.00 97.82 115.42 50.43 64.99 86 4.05 0.48 0.47 35.75 43.14 4.43 3 0 29.41 2.28 5.22 6.75 1   0   0   0   1   0   0   0   0   0   0   3   1   0   0   0   0   1   0   0   1
311 365.09 220.72 116.87 103.86 129.65 87.60 42.05 139 4.05 0.52 0.47 60.92 36.00 4.75 4 1 42.31 2.89 7.64 35.29 6   0   1   0   1   0   0   0   0   0   0   3   1   0   0   0   0   1   0   0   1
312 247.11 131.52 57.86 73.67 92.82 46.95 45.87 48 4.11 0.50 0.25 8.67 43.14 4.43 3 0 30.77 1.91 5.54 6.01 2   0   0   0   1   0   0   0   0   0   0   3   1   0   0   0   0   1   0   0   1
313 201.54 149.29 51.47 97.82 108.49 43.50 64.99 109 4.23 0.58 0.38 35.85 43.14 4.43 3 0 37.50 1.38 4.72 1.92 3   0   0   0   1   0   0   0   0   0   0   3   1   0   0   0   0   1   0   0   1
314 200.73 123.66 53.62 70.04 89.35 43.47 45.87 55 3.89 0.64 0.35 15.37 36.00 4.75 4 1 47.06 2.44 7.26 5.59 4   0   1   0   1   0   0   0   0   0   0   3   1   0   0   0   0   1   0   0   1
315 245.13 152.88 61.10 91.78 95.08 43.47 51.61 61 3.98 0.48 0.44 22.37 43.14 4.43 3 0 35.71 2.52 6.04 6.84 3   0   0   0   1   0   0   0   0   0   0   3   1   0   0   0   0   1   0   0   1
316 309.22 157.21 36.45 120.76 92.29 33.04 59.25 83 3.86 0.50 0.71 55.32 36.00 4.75 4 1 36.84 2.93 6.75 15.28 2   0   1   0   1   0   0   0   0   0   0   3   1   0   0   0   0   1   0   0   1
317 0.00 0.00 0.00 0.00 0.00 0.00 0.00 0 0.00 0.00 0.00 0.00 0.00 0.00 0 0 0.00 0.00 -1.00 0.00 0   0   0   0   0   0   0   0   0   0   0   0   0   0   0   0   0   0   0   0   0
318 0.00 0.00 0.00 0.00 0.00 0.00 0.00 0 0.00 0.00 0.00 0.00 0.00 0.00 0 0 0.00 0.00 -1.00 0.00 0   0   0   0   0   0   0   0   0   0   0   0   0   0   0   0   0   0   0   0   0
319 0.00 0.00 0.00 0.00 0.00 0.00 0.00 0 0.00 0.00 0.00 0.00 0.00 0.00 0 0 0.00 0.00 -1.00 0.00 0   0   0   0   0   0   0   0   0   0   0   0   0   0   0   0   0   0   0   0   0
320 0.00 0.00 0.00 0.00 0.00 0.00 0.00 0 0.00 0.00 0.00 0.00 0.00 0.00 0 0 0.00 0.00 -1.00 0.00 0   0   0   0   0   0   0   0   0   0   0   0   0   0   0   0   0   0   0   0   0
321 198.24 132.76 39.78 92.99 72.19 24.40 47.78 89 3.88 0.60 0.67 56.27 43.14 4.43 3 0 30.00 2.30 4.85 12.80 4   0   0   0   1   0   0   0   0   0   0   3   1   0   0   0   0   1   0   0   1
322 279.10 179.39 90.02 89.36 87.28 64.34 22.94 72 4.07 0.50 0.25 14.56 43.14 4.43 3 0 40.00 2.30 7.07 9.18 3   0   0   0   1   0   0   0   0   0   0   3   1   0   0   0   0   1   0   0   1
323 282.24 182.01 84.19 97.82 99.75 57.70 42.05 117 4.09 0.50 0.45 48.98 36.00 4.75 4 1 45.45 1.97 7.46 22.90 6   0   1   0   1   0   0   0   0   0   0   3   1   0   0   0   0   1   0   0   1
324 183.92 172.98 82.40 90.57 80.01 45.61 34.40 70 3.57 0.37 0.30 17.62 30.29 4.86 4 1 47.06 2.49 6.00 7.14 3   0   1   0   1   0   0   0   0   0   0   3   1   0   0   0   0   1   0   0   0
325 319.63 204.27 91.96 112.31 129.84 64.85 64.99 85 3.84 0.42 0.49 37.57 36.00 4.75 4 1 40.00 2.60 7.36 16.02 3   0   1   0   1   0   0   0   0   0   0   3   1   0   0   0   0   1   0   0   1
326 252.38 171.48 72.45 99.03 107.90 54.39 53.52 64 4.00 0.45 0.62 36.25 49.00 5.00 3 2 38.89 2.39 6.44 7.80 4   0   1   0   0   0   0   0   0   0   0   3   1   0   0   0   0   1   0   0   1
327 237.29 166.19 70.78 95.40 128.81 69.56 59.25 73 4.08 0.61 0.27 16.20 43.14 4.43 3 0 31.25 2.32 5.45 4.87 3   0   0   0   1   0   0   0   0   0   0   3   1   0   0   0   0   1   0   0   1
328 203.74 129.39 27.95 101.44 62.07 10.46 51.61 55 4.09 0.64 0.76 38.38 54.17 4.17 2 -1 35.71 1.76 4.06 3.02 3   0   0   0   1   0   0   0   0   0   0   3   0   0   0   0   0   1   0   0   1
329 308.67 178.20 64.69 113.52 119.55 50.74 68.81 82 4.01 0.61 0.51 38.76 36.00 4.75 4 1 34.78 3.07 6.46 8.76 3   0   1   0   1   0   0   0   0   0   0   3   1   0   0   0   0   1   0   0   1
330 368.75 189.61 77.30 112.31 149.03 78.31 70.72 68 4.09 0.72 0.31 17.14 36.00 4.75 4 1 34.78 2.75 7.69 27.66 3   0   1   0   1   0   0   0   0   0   0   3   1   0   0   0   0   1   0   0   1
331 368.42 228.77 109.21 119.56 164.84 99.85 64.99 97 4.14 0.58 0.33 27.88 36.00 4.75 4 1 34.62 3.02 6.90 31.77 4   0   1   0   1   0   0   0   0   0   0   3   1   0   0   0   0   1   0   0   1
332 0.00 0.00 0.00 0.00 0.00 0.00 0.00 0 0.00 0.00 0.00 0.00 0.00 0.00 0 0 0.00 0.00 -1.00 0.00 0   0   0   0   0   0   0   0   0   0   0   0   0   0   0   0   0   0   0   0   0
333 146.43 109.96 37.50 72.46 66.91 19.13 47.78 55 4.15 0.57 0.38 17.33 54.17 4.17 2 -1 33.33 1.10 2.92 0.66 2   0   0   0   1   0   0   0   0   0   0   3   0   0   0   0   0   1   0   0   1
334 311.67 180.14 89.57 90.57 128.86 73.43 55.43 75 4.00 0.59 0.59 40.27 36.00 4.75 4 1 45.00 2.78 8.31 10.54 3   0   1   0   1   0   0   0   0   0   0   3   1   0   0   0   0   1   0   0   1
335 269.71 181.42 77.57 103.86 114.95 57.61 57.34 71 4.02 0.61 0.58 37.37 27.29 4.71 4 1 38.89 2.94 7.26 7.88 4   0   1   0   1   0   0   0   0   0   0   2   1   0   0   0   0   1   0   0   1
336 363.44 214.24 128.50 85.74 179.74 124.31 55.43 99 3.96 0.57 0.25 21.20 36.00 4.75 4 1 42.31 2.88 7.79 40.48 4   0   1   0   1   0   0   0   0   0   0   3   1   0   0   0   0   1   0   0   1
337 447.35 248.77 97.81 150.95 193.69 92.39 101.30 124 4.06 0.54 0.61 72.13 36.00 4.75 4 1 32.14 3.21 8.29 49.47 3   0   1   0   1   0   0   0   0   0   0   3   1   0   0   0   0   1   0   0   1
338 304.65 223.05 84.17 138.88 134.62 73.46 61.16 104 3.98 0.49 0.50 48.08 36.00 4.75 4 1 33.33 2.94 7.14 14.44 1   0   1   0   1   0   0   0   0   0   0   3   1   0   0   0   0   1   0   0   1
339 0.00 0.00 0.00 0.00 0.00 0.00 0.00 0 0.00 0.00 0.00 0.00 0.00 0.00 0 0 0.00 0.00 -1.00 0.00 0   0   0   0   0   0   0   0   0   0   0   0   0   0   0   0   0   0   0   0   0
340 185.88 130.22 58.97 71.25 92.48 50.43 42.05 52 3.74 0.59 0.00 0.00 45.60 4.00 2 -1 42.86 1.54 6.21 5.46 3   0   0   0   1   0   0   0   0   0   0   2   0   0   0   0   0   1   0   0   1
341 254.83 143.00 64.51 78.50 91.80 38.29 53.52 108 3.90 0.55 0.51 50.95 36.00 4.75 4 1 38.10 2.87 6.85 8.93 6   0   1   0   1   0   0   0   0   0   0   3   1   0   0   0   0   1   0   0   1
342 305.23 172.63 79.64 92.99 132.20 76.77 55.43 123 4.06 0.62 0.56 63.71 36.00 4.75 4 1 47.83 2.73 8.06 23.61 4   0   1   0   1   0   0   0   0   0   0   3   1   0   0   0   0   1   0   0   1
343 0.00 0.00 0.00 0.00 0.00 0.00 0.00 0 0.00 0.00 0.00 0.00 0.00 0.00 0 0 0.00 0.00 -1.00 0.00 0   0   0   0   0   0   0   0   0   0   0   0   0   0   0   0   0   0   0   0   0
344 380.40 253.27 93.86 159.41 152.86 63.03 89.83 129 4.08 0.51 0.49 59.02 36.00 4.75 4 1 29.17 2.85 6.66 36.42 2   0   1   0   1   0   0   0   0   0   0   3   1   0   0   0   0   1   0   0   1
345 313.58 196.67 79.53 117.14 122.95 52.23 70.72 112 4.03 0.59 0.45 46.20 36.00 4.75 4 1 43.48 3.28 7.26 18.68 5   0   1   0   1   0   0   0   0   0   0   3   1   0   0   0   0   1   0   0   1
346 226.44 99.99 60.13 39.85 86.11 57.44 28.67 63 4.03 0.61 0.17 6.91 54.17 4.17 2 -1 50.00 1.70 6.18 3.27 3   0   0   0   1   0   0   0   0   0   0   3   0   0   0   0   0   1   0   0   1
347 359.28 238.68 117.92 120.76 161.27 98.20 63.07 100 4.05 0.56 0.31 26.77 36.00 4.75 4 1 33.33 3.07 7.09 33.73 3   0   1   0   1   0   0   0   0   0   0   3   1   0   0   0   0   1   0   0   1
348 164.95 93.10 37.55 55.55 73.18 33.04 40.14 65 3.97 0.66 0.20 8.62 54.17 4.17 2 -1 42.86 1.50 3.44 3.28 2   0   0   0   1   0   0   0   0   0   0   3   0   0   0   0   0   1   0   0   1
349 388.99 230.15 70.74 159.41 155.38 52.17 103.21 54 4.19 0.56 0.61 29.33 36.00 4.75 4 1 28.57 3.50 8.59 28.35 3   0   1   0   1   0   0   0   0   0   0   3   1   0   0   0   0   1   0   0   1
350 262.24 164.88 75.51 89.36 101.40 59.35 42.05 103 4.17 0.60 0.53 50.04 36.00 4.75 4 1 47.37 2.16 7.43 12.85 3   0   1   0   1   0   0   0   0   0   0   3   1   0   0   0   0   1   0   0   1
351 351.70 193.62 75.27 118.35 141.83 53.91 87.92 81 4.08 0.51 0.48 34.92 36.00 4.75 4 1 33.33 2.93 6.93 30.41 3   0   1   0   1   0   0   0   0   0   0   3   1   0   0   0   0   1   0   0   1
352 318.64 172.01 87.47 84.53 119.65 69.95 49.69 90 3.99 0.55 0.44 34.65 36.00 4.75 4 1 36.36 2.73 6.55 23.21 3   0   1   0   1   0   0   0   0   0   0   3   1   0   0   0   0   1   0   0   1
353 340.17 186.54 89.93 96.61 129.17 73.74 55.43 67 4.14 0.71 0.51 29.82 36.00 4.75 4 1 40.00 2.91 6.66 24.09 4   0   1   0   1   0   0   0   0   0   0   3   1   0   0   0   0   1   0   0   1
354 235.66 157.69 80.40 77.29 122.22 78.25 43.96 107 4.07 0.55 0.48 46.20 43.14 4.43 3 0 37.50 1.95 6.00 5.73 3   0   0   0   1   0   0   0   0   0   0   3   1   0   0   0   0   1   0   0   1
355 344.19 155.13 47.65 107.48 93.24 26.34 66.90 131 3.96 0.50 0.66 81.77 36.00 4.75 4 1 33.33 2.69 6.31 35.67 4   0   1   0   1   0   0   0   0   0   0   3   1   0   0   0   0   1   0   0   1
356 238.02 150.75 58.97 91.78 95.96 53.91 42.05 108 3.97 0.60 0.40 38.37 43.14 4.43 3 0 30.00 2.15 6.07 8.77 3   0   0   0   1   0   0   0   0   0   0   3   1   0   0   0   0   1   0   0   1
357 263.36 183.35 78.28 105.06 114.38 60.86 53.52 89 4.27 0.52 0.43 34.47 43.14 4.43 3 0 38.89 1.77 6.43 9.93 4   0   0   0   1   0   0   0   0   0   0   3   1   0   0   0   0   1   0   0   1
358 188.89 119.72 67.79 51.93 50.24 34.95 15.29 82 3.72 0.41 0.45 31.24 43.14 4.43 3 0 43.75 2.23 5.73 5.37 3   0   0   0   1   0   0   0   0   0   0   3   1   0   0   0   0   1   0   0   1
359 0.00 0.00 0.00 0.00 0.00 0.00 0.00 0 0.00 0.00 0.00 0.00 0.00 0.00 0 0 0.00 0.00 -1.00 0.00 0   0   0   0   0   0   0   0   0   0   0   0   0   0   0   0   0   0   0   0   0
360 222.34 136.14 50.40 85.74 82.91 31.30 51.61 59 4.14 0.65 0.37 18.09 43.14 4.43 3 0 35.71 1.69 3.58 5.96 3   0   0   0   1   0   0   0   0   0   0   3   1   0   0   0   0   1   0   0   1
361 341.62 172.65 90.53 82.12 127.51 87.37 40.14 102 4.03 0.52 0.34 30.06 36.00 4.75 4 1 36.36 2.71 7.27 29.87 4   0   1   0   1   0   0   0   0   0   0   3   1   0   0   0   0   1   0   0   1
362 255.92 155.65 81.98 73.67 91.75 63.08 28.67 60 3.90 0.54 0.58 31.14 36.00 4.75 4 1 42.11 2.43 5.80 13.97 3   0   1   0   1   0   0   0   0   0   0   3   1   0   0   0   0   1   0   0   1
363 127.57 92.64 40.72 51.93 54.24 31.30 22.94 49 3.81 0.54 0.27 8.62 43.14 4.43 3 0 36.36 1.28 3.28 1.05 1   0   0   0   1   0   0   0   0   0   0   3   1   0   0   0   0   1   0   0   1
364 329.07 217.38 101.45 115.93 140.01 76.94 63.07 108 3.87 0.55 0.46 46.16 36.00 4.75 4 1 39.13 2.97 8.26 30.14 5   0   1   0   1   0   0   0   0   0   0   3   1   0   0   0   0   1   0   0   1
365 240.26 139.04 55.72 83.33 98.04 52.17 45.87 78 3.92 0.60 0.29 18.17 43.14 4.43 3 0 42.11 2.25 6.64 8.31 2   0   0   0   1   0   0   0   0   0   0   3   1   0   0   0   0   1   0   0   1
366 245.98 156.99 48.30 108.69 115.67 48.78 66.90 68 4.00 0.61 0.37 20.08 43.14 4.43 3 0 31.25 2.33 6.42 6.18 1   0   0   0   1   0   0   0   0   0   0   3   1   0   0   0   0   1   0   0   1
367 157.50 79.66 21.69 57.97 57.75 17.62 40.14 14 4.35 0.66 0.93 9.54 39.25 5.75 2 2 25.00 0.77 2.71 0.07 1   0   1   0   0   0   0   0   0   0   0   2   1   0   0   0   0   0   0   0   0
368 347.10 247.57 111.11 136.46 173.03 92.76 80.28 74 4.06 0.56 0.34 20.88 36.00 4.75 4 1 34.78 3.19 7.36 28.90 4   0   1   0   1   0   0   0   0   0   0   3   1   0   0   0   0   1   0   0   1
369 239.78 152.60 54.78 97.82 95.88 36.63 59.25 87 3.98 0.59 0.44 34.26 43.14 4.43 3 0 36.84 2.64 6.62 8.97 3   0   0   0   1   0   0   0   0   0   0   3   1   0   0   0   0   1   0   0   1
370 348.46 198.58 97.14 101.44 137.81 80.47 57.34 135 4.12 0.61 0.28 34.16 36.00 4.75 4 1 38.10 2.79 7.08 25.45 5   0   1   0   1   0   0   0   0   0   0   3   1   0   0   0   0   1   0   0   1
371 366.74 196.06 107.90 88.16 153.58 92.42 61.16 85 4.26 0.70 0.24 16.80 36.00 4.75 4 1 40.91 3.07 8.28 19.95 5   0   1   0   1   0   0   0   0   0   0   3   1   0   0   0   0   1   0   0   1
372 303.94 163.36 75.20 88.16 117.86 66.25 51.61 86 3.97 0.66 0.53 40.96 36.00 4.75 4 1 34.78 2.72 7.64 17.26 3   0   1   0   1   0   0   0   0   0   0   3   1   0   0   0   0   1   0   0   1
373 317.10 183.26 84.24 99.03 134.16 78.73 55.43 94 4.05 0.61 0.45 38.71 36.00 4.75 4 1 37.50 2.86 6.41 27.08 5   0   1   0   1   0   0   0   0   0   0   3   1   0   0   0   0   1   0   0   1
374 125.11 108.24 33.37 74.87 77.58 27.88 49.69 14 3.78 0.60 0.93 9.23 41.00 5.00 3 2 27.27 2.51 5.71 1.05 2   0   1   0   0   0   0   0   0   0   0   2   1   0   0   0   0   1   0   0   1
375 248.76 146.56 77.72 68.83 90.42 56.01 34.40 102 4.06 0.49 0.69 66.03 49.00 5.00 3 2 33.33 2.53 5.64 13.61 2   0   1   0   0   0   0   0   0   0   0   3   1   0   0   0   0   1   0   0   1
376 290.06 165.04 72.05 92.99 91.29 43.50 47.78 79 3.81 0.57 0.49 34.92 36.00 4.75 4 1 36.36 3.32 8.57 14.71 4   0   1   0   1   0   0   0   0   0   0   3   1   0   0   0   0   1   0   0   1
377 209.41 146.85 41.79 105.06 109.15 36.52 72.63 61 3.91 0.62 0.25 11.20 43.14 4.43 3 0 33.33 1.68 4.16 4.39 1   0   0   0   1   0   0   0   0   0   0   3   1   0   0   0   0   1   0   0   1
378 373.36 159.07 81.78 77.29 116.49 61.06 55.43 83 4.01 0.70 0.65 49.63 36.00 4.75 4 1 39.13 3.43 8.65 23.50 4   0   1   0   1   0   0   0   0   0   0   3   1   0   0   0   0   1   0   0   1
379 237.66 153.26 71.14 82.12 88.91 50.68 38.23 74 4.02 0.48 0.39 24.48 36.00 4.75 4 1 31.25 2.37 4.67 10.10 2   0   1   0   1   0   0   0   0   0   0   3   1   0   0   0   0   1   0   0   1
380 294.60 191.25 86.18 105.06 128.78 73.35 55.43 89 4.23 0.54 0.56 45.72 49.00 5.00 3 2 35.29 2.49 5.45 15.53 2   0   1   0   0   0   0   0   0   0   0   3   1   0   0   0   0   1   0   0   1
381 352.59 203.14 88.41 114.72 146.07 71.52 74.54 147 4.13 0.52 0.54 75.35 36.00 4.75 4 1 32.00 2.68 7.25 39.46 3   0   1   0   1   0   0   0   0   0   0   3   1   0   0   0   0   1   0   0   1
382 203.92 150.13 45.07 105.06 97.37 40.02 57.34 72 4.06 0.59 0.43 27.48 43.14 4.43 3 0 29.41 1.80 4.79 7.14 3   0   0   0   1   0   0   0   0   0   0   3   1   0   0   0   0   1   0   0   1
383 258.45 169.03 91.74 77.29 105.92 73.43 32.49 79 3.93 0.44 0.24 14.00 36.00 4.75 4 1 41.18 2.42 7.23 18.05 4   0   1   0   1   0   0   0   0   0   0   3   1   0   0   0   0   1   0   0   1
384 269.44 190.49 84.22 106.27 117.12 55.96 61.16 112 4.02 0.55 0.51 52.77 36.00 4.75 4 1 33.33 2.94 6.53 10.30 4   0   1   0   1   0   0   0   0   0   0   3   1   0   0   0   0   1   0   0   1
385 167.03 131.67 71.29 60.38 66.52 45.50 21.02 60 3.53 0.37 0.55 28.36 30.29 4.86 4 1 41.18 2.53 6.50 6.34 4   0   1   0   1   0   0   0   0   0   0   3   1   0   0   0   0   1   0   0   0
386 88.74 84.34 52.94 31.40 7.01 7.01 0.00 55 3.66 0.41 0.55 26.47 59.50 4.67 2 1 33.33 1.24 2.97 0.77 1   0   0   0   0   0   0   0   0   0   0   3   1   0   0   0   0   1   0   0   1
387 277.07 203.45 88.72 114.72 109.47 57.87 51.61 120 3.99 0.48 0.58 65.46 36.00 4.75 4 1 36.36 2.64 6.51 19.52 4   0   1   0   1   0   0   0   0   0   0   3   1   0   0   0   0   1   0   0   1
388 254.71 167.49 97.45 70.04 106.96 64.91 42.05 69 3.69 0.46 0.06 1.50 30.29 4.86 4 1 42.11 2.98 5.66 12.22 3   0   1   0   1   0   0   0   0   0   0   3   1   0   0   0   0   1   0   0   0
389 398.84 259.75 119.66 140.08 169.67 87.48 82.19 82 3.98 0.55 0.46 34.47 36.00 4.75 4 1 34.62 3.41 8.32 43.61 5   0   1   0   1   0   0   0   0   0   0   3   1   0   0   0   0   1   0   0   1
390 361.71 194.00 72.03 121.97 139.49 59.21 80.28 75 4.02 0.56 0.55 37.76 36.00 4.75 4 1 37.50 3.41 8.00 29.60 3   0   1   0   1   0   0   0   0   0   0   3   1   0   0   0   0   1   0   0   1
391 352.02 182.35 80.91 101.44 108.67 64.71 43.96 97 4.00 0.61 0.53 47.06 36.00 4.75 4 1 39.13 2.92 6.54 28.05 3   0   1   0   1   0   0   0   0   0   0   3   1   0   0   0   0   1   0   0   1
392 346.98 184.69 109.82 74.87 154.11 108.24 45.87 103 4.05 0.55 0.28 25.24 36.00 4.75 4 1 47.37 2.96 7.30 15.84 3   0   1   0   1   0   0   0   0   0   0   3   1   0   0   0   0   1   0   0   1
393 374.53 217.81 98.26 119.56 172.77 96.32 76.45 104 4.00 0.71 0.59 56.92 36.00 4.75 4 1 38.71 3.21 7.91 42.10 5   0   1   0   1   0   0   0   0   0   0   3   1   0   0   0   0   1   0   0   1
394 282.63 205.90 96.00 109.89 121.70 68.19 53.52 123 4.02 0.53 0.54 61.91 36.00 4.75 4 1 39.13 2.72 7.34 20.40 4   0   1   0   1   0   0   0   0   0   0   3   1   0   0   0   0   1   0   0   1
395 266.27 181.09 67.57 113.52 115.07 53.91 61.16 58 4.27 0.55 0.26 11.20 54.17 4.17 2 -1 40.00 2.04 6.28 5.92 2   0   0   0   1   0   0   0   0   0   0   3   0   0   0   0   0   1   0   0   1
396 0.00 0.00 0.00 0.00 0.00 0.00 0.00 0 0.00 0.00 0.00 0.00 0.00 0.00 0 0 0.00 0.00 -1.00 0.00 0   0   0   0   0   0   0   0   0   0   0   0   0   0   0   0   0   0   0   0   0
397 268.87 198.21 79.86 118.35 126.42 59.52 66.90 140 3.85 0.49 0.53 69.76 36.00 4.75 4 1 29.17 2.91 6.21 18.13 1   0   1   0   1   0   0   0   0   0   0   3   1   0   0   0   0   1   0   0   1
398 273.94 205.87 118.92 86.95 116.11 68.33 47.78 94 4.23 0.52 0.50 42.98 49.00 5.00 3 2 38.89 2.50 5.69 9.89 2   0   1   0   0   0   0   0   0   0   0   3   1   0   0   0   0   1   0   0   1
399 223.30 167.61 83.08 84.53 95.52 61.12 34.40 70 3.81 0.50 0.23 12.62 36.00 4.75 4 1 41.18 2.46 5.72 9.86 4   0   1   0   1   0   0   0   0   0   0   3   1   0   0   0   0   1   0   0   1
400 182.31 112.52 55.76 56.76 75.97 43.47 32.49 42 3.98 0.60 0.21 4.44 54.17 4.17 2 -1 41.67 1.79 4.23 3.25 2   0   0   0   1   0   0   0   0   0   0   3   0   0   0   0   0   1   0   0   1
401 397.02 209.29 107.85 101.44 166.35 101.37 64.99 83 3.89 0.59 0.33 22.96 36.00 4.75 4 1 41.67 3.40 8.05 43.42 4   0   1   0   1   0   0   0   0   0   0   3   1   0   0   0   0   1   0   0   1
402 253.14 172.74 56.81 115.93 122.54 55.65 66.90 82 3.99 0.56 0.52 38.56 43.14 4.43 3 0 30.00 2.24 6.69 16.79 2   0   0   0   1   0   0   0   0   0   0   3   1   0   0   0   0   1   0   0   1
403 244.30 165.32 62.68 102.65 119.62 71.83 47.78 50 4.25 0.59 0.78 34.72 49.00 5.00 3 2 28.57 2.25 3.84 4.61 0   0   1   0   0   0   0   0   0   0   0   3   1   0   0   0   0   1   0   0   1
404 131.34 116.36 45.11 71.25 52.38 31.36 21.02 59 3.82 0.42 0.64 33.68 21.60 4.20 3 0 36.36 1.50 4.19 1.63 2   0   0   0   1   0   0   0   0   0   0   1   1   0   0   0   0   1   0   0   1
405 291.79 167.80 67.57 100.23 113.02 55.68 57.34 95 4.03 0.49 0.48 41.35 43.14 4.43 3 0 35.29 2.51 6.09 7.06 2   0   0   0   1   0   0   0   0   0   0   3   1   0   0   0   0   1   0   0   1
406 254.91 170.87 52.52 118.35 113.85 46.95 66.90 74 3.92 0.51 0.57 38.14 36.00 4.75 4 1 27.27 2.67 6.56 16.59 3   0   1   0   1   0   0   0   0   0   0   3   1   0   0   0   0   1   0   0   1
407 387.39 209.85 95.13 114.72 140.21 77.13 63.07 113 3.92 0.42 0.57 59.06 32.00 4.33 4 1 39.13 3.19 8.23 15.40 4   0   1   0   1   0   0   0   1   0   0   3   1   0   0   0   0   1   0   0   1
408 282.21 192.75 61.12 131.63 144.29 48.72 95.57 97 4.11 0.56 0.55 48.34 43.14 4.43 3 0 31.58 2.54 6.20 13.10 4   0   0   0   1   0   0   0   0   0   0   3   1   0   0   0   0   1   0   0   1
409 208.48 188.72 64.33 124.39 84.13 38.26 45.87 84 3.86 0.51 0.48 36.45 43.14 4.43 3 0 30.00 2.34 4.93 10.07 2   0   0   0   1   0   0   0   0   0   0   3   1   0   0   0   0   1   0   0   1
410 218.94 136.75 58.26 78.50 62.63 26.31 36.32 51 3.79 0.45 0.33 14.24 37.75 4.00 3 0 37.50 2.54 6.58 6.92 4   0   0   0   1   0   0   0   1   0   0   3   1   0   0   0   0   1   0   0   1
411 0.00 0.00 0.00 0.00 0.00 0.00 0.00 0 0.00 0.00 0.00 0.00 0.00 0.00 0 0 0.00 0.00 -1.00 0.00 0   0   0   0   0   0   0   0   0   0   0   0   0   0   0   0   0   0   0   0   0
412 138.30 118.53 46.07 72.46 44.49 13.91 30.58 64 3.64 0.39 0.75 43.50 44.43 4.43 2 1 35.71 2.25 5.23 2.10 2   0   0   0   0   0   0   0   0   0   0   3   1   0   0   1   0   1   0   0   1
413 220.52 138.94 37.50 101.44 96.46 29.56 66.90 66 4.08 0.61 0.45 26.13 43.14 4.43 3 0 33.33 1.94 4.39 4.47 2   0   0   0   1   0   0   0   0   0   0   3   1   0   0   0   0   1   0   0   1
414 275.90 161.87 56.81 105.06 125.32 46.95 78.37 78 3.92 0.55 0.55 38.19 43.14 4.43 3 0 31.58 2.65 7.47 23.82 4   0   0   0   1   0   0   0   0   0   0   3   1   0   0   0   0   1   0   0   1
415 217.62 147.11 58.95 88.16 103.95 50.43 53.52 95 3.89 0.48 0.47 41.02 43.14 4.43 3 0 26.32 2.06 5.27 13.13 3   0   0   0   1   0   0   0   0   0   0   3   1   0   0   0   0   1   0   0   1
416 169.72 160.25 50.36 109.89 48.83 8.69 40.14 56 3.54 0.35 0.55 26.65 59.50 4.67 2 1 28.57 2.57 6.72 10.58 1   0   0   0   0   0   0   0   0   0   0   3   1   0   0   0   0   1   0   0   1
417 320.78 199.00 78.24 120.76 144.45 66.08 78.37 83 3.88 0.56 0.51 38.14 43.14 4.43 3 0 34.78 3.19 7.76 31.12 4   0   0   0   1   0   0   0   0   0   0   3   1   0   0   0   0   1   0   0   1
418 266.19 186.36 54.73 131.63 135.22 43.47 91.74 108 4.02 0.55 0.74 75.55 43.14 4.43 3 0 23.81 2.57 7.25 16.93 2   0   0   0   1   0   0   0   0   0   0   3   1   0   0   0   0   1   0   0   1
419 118.45 92.98 61.58 31.40 34.39 21.01 13.38 85 3.56 0.41 0.41 28.86 43.14 4.43 3 0 40.00 2.13 5.26 2.06 3   0   0   0   1   0   0   0   0   0   0   3   1   0   0   0   0   1   0   0   1
420 327.99 198.47 63.22 135.25 154.33 43.47 110.86 92 4.13 0.51 0.60 50.36 43.14 4.43 3 0 23.53 2.34 6.67 13.55 1   0   0   0   1   0   0   0   0   0   0   3   1   0   0   0   0   1   0   0   1
421 0.00 0.00 0.00 0.00 0.00 0.00 0.00 0 0.00 0.00 0.00 0.00 0.00 0.00 0 0 0.00 0.00 -1.00 0.00 0   0   0   0   0   0   0   0   0   0   0   0   0   0   0   0   0   0   0   0   0
422 340.96 186.65 71.92 114.72 152.29 64.37 87.92 88 3.93 0.51 0.39 30.06 36.00 4.75 4 1 40.00 3.17 8.56 26.71 5   0   1   0   1   0   0   0   0   0   0   3   1   0   0   0   0   1   0   0   1
423 316.40 184.98 65.43 119.56 122.92 52.20 70.72 115 4.13 0.55 0.57 60.98 43.14 4.43 3 0 35.00 2.46 6.29 16.50 3   0   0   0   1   0   0   0   0   0   0   3   1   0   0   0   0   1   0   0   1
424 249.46 155.90 47.21 108.69 117.00 34.81 82.19 100 3.93 0.57 0.57 52.81 43.14 4.43 3 0 40.91 2.72 7.34 13.51 3   0   0   0   1   0   0   0   0   0   0   3   1   0   0   0   0   1   0   0   1
425 265.29 188.74 54.69 134.05 122.21 40.02 82.19 92 4.06 0.57 0.46 37.62 36.00 4.75 4 1 33.33 2.29 7.07 12.70 5   0   1   0   1   0   0   0   0   0   0   3   1   0   0   0   0   1   0   0   1
426 271.51 175.02 68.75 106.27 121.09 52.28 68.81 96 3.90 0.50 0.49 42.77 43.14 4.43 3 0 33.33 2.66 6.69 21.29 3   0   0   0   1   0   0   0   0   0   0   3   1   0   0   0   0   1   0   0   1
427 340.08 182.58 79.93 102.65 122.16 64.82 57.34 104 4.10 0.55 0.68 67.07 36.00 4.75 4 1 37.04 2.83 6.85 23.96 4   0   1   0   1   0   0   0   0   0   0   3   1   0   0   0   0   1   0   0   1
428 225.48 151.04 82.21 68.83 81.58 49.09 32.49 74 4.01 0.48 0.72 48.45 49.00 5.00 3 2 44.44 2.00 5.40 8.43 3   0   1   0   0   0   0   0   0   0   0   3   1   0   0   0   0   1   0   0   1
429 194.79 89.52 47.25 42.27 47.90 38.34 9.56 73 3.67 0.49 0.29 16.38 43.14 4.43 3 0 41.18 2.10 6.91 5.85 4   0   0   0   1   0   0   0   0   0   0   3   1   0   0   0   0   1   0   0   1
430 202.20 117.25 81.02 36.23 50.97 49.06 1.91 88 3.72 0.48 0.32 24.00 43.14 4.43 3 0 47.06 2.27 6.07 6.29 4   0   0   0   1   0   0   0   0   0   0   3   1   0   0   0   0   1   0   0   1
431 253.20 144.09 57.14 86.95 106.17 48.83 57.34 79 4.02 0.61 0.42 28.97 36.00 4.75 4 1 35.00 2.53 5.20 13.02 3   0   1   0   1   0   0   0   0   0   0   3   1   0   0   0   0   1   0   0   1
432 106.54 99.52 24.64 74.87 92.29 33.04 59.25 13 3.86 0.52 1.00 9.85 40.75 4.50 2 1 22.22 1.61 2.91 0.20 0   0   0   0   0   0   0   0   0   0   0   1   1   0   0   0   0   1   0   0   1
433 242.95 165.70 77.54 88.16 112.64 61.03 51.61 71 4.01 0.56 0.31 17.91 36.00 4.75 4 1 41.18 2.25 5.85 14.23 4   0   1   0   1   0   0   0   0   0   0   3   1   0   0   0   0   1   0   0   1
434 229.36 148.36 72.27 76.08 115.83 69.95 45.87 73 4.14 0.46 0.33 20.25 36.00 4.75 4 1 37.50 1.88 5.88 4.99 2   0   1   0   1   0   0   0   0   0   0   3   1   0   0   0   0   1   0   0   1
435 229.92 169.81 33.35 136.46 79.96 3.51 76.45 80 4.04 0.45 0.76 56.36 49.00 5.00 3 2 31.25 2.26 4.93 7.18 4   0   1   0   0   0   0   0   0   0   0   3   1   0   0   0   0   1   0   0   1
436 203.79 154.80 26.79 128.01 94.53 10.43 84.10 54 3.92 0.39 0.78 37.71 59.50 4.67 2 1 23.08 1.91 4.48 5.17 1   0   0   0   0   0   0   0   0   0   0   3   1   0   0   0   0   1   0   0   1
437 391.27 230.81 108.84 121.97 159.32 92.42 66.90 118 4.09 0.56 0.44 48.23 36.00 4.75 4 1 39.13 2.88 6.46 40.10 5   0   1   0   1   0   0   0   0   0   0   3   1   0   0   0   0   1   0   0   1
438 303.32 203.89 115.73 88.16 134.81 92.76 42.05 116 4.16 0.57 0.25 25.17 36.00 4.75 4 1 42.86 2.11 6.66 25.45 5   0   1   0   1   0   0   0   0   0   0   3   1   0   0   0   0   1   0   0   1
439 333.92 192.13 78.61 113.52 146.04 71.50 74.54 132 4.08 0.64 0.48 59.59 36.00 4.75 4 1 36.00 3.02 6.46 33.35 4   0   1   0   1   0   0   0   0   0   0   3   1   0   0   0   0   1   0   0   1
440 279.04 180.85 83.03 97.82 120.70 78.65 42.05 110 4.04 0.64 0.40 40.27 36.00 4.75 4 1 45.83 2.65 7.69 13.65 4   0   1   0   1   0   0   0   0   0   0   3   1   0   0   0   0   1   0   0   1
441 288.44 181.64 89.86 91.78 126.95 75.34 51.61 102 3.82 0.50 0.58 55.15 36.00 4.75 4 1 34.78 2.92 6.26 25.15 3   0   1   0   1   0   0   0   0   0   0   3   1   0   0   0   0   1   0   0   1
442 238.21 170.02 84.28 85.74 97.29 64.79 32.49 62 3.82 0.36 0.61 34.00 49.00 5.00 3 2 50.00 2.56 5.64 9.75 2   0   1   0   0   0   0   0   0   0   0   3   1   0   0   0   0   1   0   0   1
443 267.39 171.30 72.27 99.03 120.20 62.86 57.34 80 4.11 0.62 0.32 21.62 36.00 4.75 4 1 38.89 2.36 5.44 9.41 4   0   1   0   1   0   0   0   0   0   0   3   1   0   0   0   0   1   0   0   1
444 303.23 181.37 78.73 102.65 116.37 62.86 53.52 102 4.15 0.55 0.63 60.69 36.00 4.75 4 1 37.50 2.52 6.43 22.47 5   0   1   0   1   0   0   0   0   0   0   3   1   0   0   0   0   1   0   0   1
445 276.32 197.24 87.34 109.89 130.84 92.62 38.23 84 4.09 0.58 0.42 30.17 43.14 4.43 3 0 47.37 2.41 6.90 13.06 5   0   0   0   1   0   0   0   0   0   0   3   1   0   0   0   0   1   0   0   1
446 296.23 165.97 54.87 111.10 94.09 34.84 59.25 100 4.00 0.55 0.46 41.70 36.00 4.75 4 1 33.33 2.77 6.65 7.34 3   0   1   0   1   0   0   0   0   0   0   3   1   0   0   0   0   1   0   0   1
447 296.47 167.35 71.94 95.40 111.79 48.72 63.07 80 4.07 0.50 0.62 45.40 49.00 5.00 3 2 31.58 2.28 5.92 18.99 3   0   1   0   0   0   0   0   0   0   0   3   1   0   0   0   0   1   0   0   1
448 174.29 130.36 48.24 82.12 61.54 34.78 26.76 85 3.70 0.47 0.38 27.75 43.14 4.43 3 0 29.41 1.97 5.27 3.63 3   0   0   0   1   0   0   0   0   0   0   3   1   0   0   0   0   1   0   0   1
449 361.88 202.13 65.67 136.46 132.88 48.78 84.10 98 3.95 0.53 0.49 44.38 36.00 4.75 4 1 33.33 2.99 7.01 29.72 4   0   1   0   1   0   0   0   0   0   0   3   1   0   0   0   0   1   0   0   1
450 232.86 142.82 55.87 86.95 96.68 46.98 49.69 36 4.16 0.69 0.83 26.27 41.00 5.00 3 2 28.57 1.91 4.60 5.02 2   0   1   0   0   0   0   0   0   0   0   2   1   0   0   0   0   1   0   0   1
451 254.07 150.23 75.36 74.87 104.36 68.05 36.32 92 3.82 0.58 0.25 19.22 36.00 4.75 4 1 42.86 2.65 8.25 13.39 4   0   1   0   1   0   0   0   0   0   0   3   1   0   0   0   0   1   0   0   1
452 110.44 102.88 55.78 47.10 54.94 43.47 11.47 52 3.61 0.45 0.12 3.00 54.17 4.17 2 -1 38.46 1.39 4.35 1.51 3   0   0   0   1   0   0   0   0   0   0   3   0   0   0   0   0   1   0   0   1
453 317.55 174.75 93.84 80.91 126.20 80.33 45.87 72 3.91 0.60 0.22 12.38 36.00 4.75 4 1 45.45 2.74 7.30 25.66 4   0   1   0   1   0   0   0   0   0   0   3   1   0   0   0   0   1   0   0   1
454 331.65 201.16 94.89 106.27 141.35 82.10 59.25 89 3.98 0.52 0.55 44.98 36.00 4.75 4 1 40.00 3.02 7.87 28.41 4   0   1   0   1   0   0   0   0   0   0   3   1   0   0   0   0   1   0   0   1
455 273.71 157.28 86.03 71.25 104.42 66.19 38.23 74 3.84 0.60 0.22 12.62 36.00 4.75 4 1 47.37 2.48 7.56 14.79 5   0   1   0   1   0   0   0   0   0   0   3   1   0   0   0   0   1   0   0   1
456 276.35 166.04 96.00 70.04 115.16 76.94 38.23 69 4.05 0.57 0.30 17.33 36.00 4.75 4 1 50.00 2.54 7.59 12.67 4   0   1   0   1   0   0   0   0   0   0   3   1   0   0   0   0   1   0   0   1
457 335.81 189.94 88.50 101.44 129.00 71.66 57.34 73 3.93 0.59 0.49 32.50 26.89 4.56 4 1 31.82 3.29 6.48 28.74 3   0   1   0   1   0   0   0   0   0   0   3   1   0   0   1   0   1   0   0   1
458 0.00 0.00 0.00 0.00 0.00 0.00 0.00 0 0.00 0.00 0.00 0.00 0.00 0.00 0 0 0.00 0.00 -1.00 0.00 0   0   0   0   0   0   0   0   0   0   0   0   0   0   0   0   0   0   0   0   0
459 279.51 185.84 71.11 114.72 105.04 41.96 63.07 116 3.89 0.51 0.49 53.23 36.00 4.75 4 1 30.43 2.67 7.23 21.25 4   0   1   0   1   0   0   0   0   0   0   3   1   0   0   0   0   1   0   0   1
460 0.00 0.00 0.00 0.00 0.00 0.00 0.00 0 0.00 0.00 0.00 0.00 0.00 0.00 0 0 0.00 0.00 -1.00 0.00 0   0   0   0   0   0   0   0   0   0   0   0   0   0   0   0   0   0   0   0   0
461 314.20 204.73 129.86 74.87 116.35 87.68 28.67 76 3.73 0.42 0.32 21.17 36.00 4.75 4 1 37.50 3.46 7.34 23.02 4   0   1   0   1   0   0   0   0   0   0   3   1   0   0   0   0   1   0   0   1
462 346.36 192.84 111.93 80.91 116.43 89.67 26.76 109 3.92 0.44 0.31 29.76 32.00 4.33 4 1 39.13 2.90 7.56 25.46 4   0   1   0   1   0   0   0   1   0   0   3   1   0   0   0   0   1   0   0   1
463 262.92 184.02 85.00 99.03 99.78 55.82 43.96 130 3.85 0.50 0.53 64.55 36.00 4.75 4 1 34.78 3.02 6.92 20.04 2   0   1   0   1   0   0   0   0   0   0   3   1   0   0   0   0   1   0   0   1
464 191.49 154.64 71.31 83.33 77.76 49.09 28.67 78 3.95 0.52 0.36 24.07 43.14 4.43 3 0 33.33 1.89 4.44 6.60 2   0   0   0   1   0   0   0   0   0   0   3   1   0   0   0   0   1   0   0   1
465 366.23 199.74 98.30 101.44 143.26 84.01 59.25 106 4.10 0.67 0.42 40.40 36.00 4.75 4 1 41.67 2.75 6.99 26.30 4   0   1   0   1   0   0   0   0   0   0   3   1   0   0   0   0   1   0   0   1
466 390.35 215.55 98.41 117.14 151.19 82.38 68.81 97 4.11 0.53 0.34 29.45 32.00 4.33 4 1 40.00 3.27 7.78 38.95 5   0   1   0   1   0   0   0   1   0   0   3   1   0   0   0   0   1   0   0   1
467 282.90 170.58 99.33 71.25 125.37 90.96 34.40 86 4.04 0.60 0.27 19.57 36.00 4.75 4 1 50.00 2.86 8.21 12.27 5   0   1   0   1   0   0   0   0   0   0   3   1   0   0   0   0   1   0   0   1
468 372.09 206.42 101.36 105.06 136.49 92.53 43.96 132 4.03 0.55 0.36 43.46 36.00 4.75 4 1 36.00 2.82 6.51 38.67 6   0   1   0   1   0   0   0   0   0   0   3   1   0   0   0   0   1   0   0   1
469 300.41 172.23 52.68 119.56 120.16 41.79 78.37 91 4.20 0.53 0.67 56.75 36.00 4.75 4 1 29.41 2.74 6.49 6.48 2   0   1   0   1   0   0   0   0   0   0   3   1   0   0   0   0   1   0   0   1
470 271.51 176.28 74.84 101.44 83.92 45.69 38.23 123 3.86 0.48 0.53 61.45 36.00 4.75 4 1 33.33 2.85 7.04 17.92 4   0   1   0   1   0   0   0   0   0   0   3   1   0   0   0   0   1   0   0   1
471 318.31 192.38 87.32 105.06 132.14 78.62 53.52 83 3.97 0.60 0.47 35.08 36.00 4.75 4 1 39.13 2.42 6.87 25.24 3   0   1   0   1   0   0   0   0   0   0   3   1   0   0   0   0   1   0   0   1
472 332.73 196.57 84.26 112.31 140.44 73.54 66.90 102 3.89 0.54 0.48 44.65 36.00 4.75 4 1 37.50 2.65 6.59 34.68 4   0   1   0   1   0   0   0   0   0   0   3   1   0   0   0   0   1   0   0   1
473 293.00 186.05 79.77 106.27 116.55 61.12 55.43 104 4.09 0.51 0.45 42.77 36.00 4.75 4 1 31.82 2.82 6.73 13.84 4   0   1   0   1   0   0   0   0   0   0   3   1   0   0   0   0   1   0   0   1
474 131.29 138.62 52.88 85.74 13.21 1.74 11.47 64 3.76 0.37 0.34 17.91 43.14 4.43 3 0 35.71 1.74 3.50 4.23 3   0   0   0   1   0   0   0   0   0   0   3   1   0   0   0   0   1   0   0   1
475 141.87 129.82 56.16 73.67 16.77 5.30 11.47 72 3.67 0.42 0.51 33.46 49.00 5.00 3 2 35.29 2.04 5.61 3.94 2   0   1   0   0   0   0   0   0   0   0   3   1   0   0   0   0   1   0   0   1
476 257.67 193.40 69.02 124.39 116.19 45.47 70.72 110 4.19 0.51 0.60 61.85 49.00 5.00 3 2 27.78 2.03 4.77 9.00 1   0   1   0   0   0   0   0   0   0   0   3   1   0   0   0   0   1   0   0   1
477 291.50 211.26 38.57 172.69 136.58 10.43 126.15 112 4.10 0.48 0.71 75.03 43.14 4.43 3 0 20.00 2.42 6.19 20.14 1   0   0   0   1   0   0   0   0   0   0   3   1   0   0   0   0   1   0   0   1
478 127.41 124.39 0.00 124.39 89.83 0.00 89.83 18 3.78 0.49 1.00 14.89 52.00 4.60 2 1 12.50 1.36 3.17 0.26 0   0   0   0   0   0   0   0   0   0   0   2   1   0   0   0   0   1   0   0   1
479 214.95 147.97 64.64 83.33 74.63 40.22 34.40 93 4.05 0.57 0.45 36.90 36.00 4.75 4 1 38.89 2.43 5.87 3.78 3   0   1   0   1   0   0   0   0   0   0   3   1   0   0   0   0   1   0   0   1
480 357.48 170.43 47.25 123.18 128.61 33.04 95.57 114 3.94 0.59 0.76 82.90 36.00 4.75 4 1 33.33 3.00 6.46 23.59 4   0   1   0   1   0   0   0   0   0   0   3   1   0   0   0   0   1   0   0   1
481 238.53 161.80 80.89 80.91 94.01 57.70 36.32 55 4.09 0.54 0.49 21.85 27.29 4.71 4 1 33.33 2.26 4.39 13.06 2   0   1   0   1   0   0   0   0   0   0   2   1   0   0   0   0   1   0   0   1
482 335.34 191.83 73.48 118.35 113.93 50.85 63.07 70 3.88 0.49 0.57 36.70 36.00 4.75 4 1 39.13 3.11 7.08 26.94 4   0   1   0   1   0   0   0   0   0   0   3   1   0   0   0   0   1   0   0   1
483 0.00 0.00 0.00 0.00 0.00 0.00 0.00 0 0.00 0.00 0.00 0.00 0.00 0.00 0 0 0.00 0.00 -1.00 0.00 0   0   0   0   0   0   0   0   0   0   0   0   0   0   0   0   0   0   0   0   0
484 218.44 125.95 82.47 43.47 70.05 52.85 17.20 78 4.09 0.46 0.37 24.62 27.29 4.71 4 1 46.67 1.84 4.70 7.59 4   0   1   0   1   0   0   0   0   0   0   2   1   0   0   0   0   1   0   0   1
485 176.57 97.93 9.78 88.16 68.23 7.07 61.16 34 4.03 0.68 1.00 29.76 46.60 5.40 2 2 21.43 1.82 4.88 2.45 1   0   1   0   0   0   0   0   0   0   0   2   1   0   0   0   0   0   0   0   1
486 292.72 193.86 86.38 107.48 126.27 61.29 64.99 51 3.87 0.62 0.82 38.67 27.29 4.71 4 1 36.84 2.88 5.86 15.93 4   0   1   0   1   0   0   0   0   0   0   2   1   0   0   0   0   1   0   0   1
487 217.71 164.50 86.00 78.50 64.98 40.14 24.85 107 3.85 0.49 0.33 31.26 40.44 4.67 4 1 38.89 1.98 6.10 9.23 2   0   1   0   1   0   0   0   0   0   0   3   1   0   0   0   0   1   0   0   2
488 166.93 139.55 57.43 82.12 55.24 24.66 30.58 68 3.86 0.45 0.78 47.66 39.29 5.00 3 1 28.57 2.30 5.35 2.57 1   0   1   0   1   0   0   0   0   0   0   3   1   0   0   0   0   0   0   0   1
489 188.49 166.68 80.93 85.74 50.99 28.05 22.94 93 3.84 0.40 0.60 52.46 36.00 4.75 4 1 42.11 2.38 5.87 10.13 3   0   1   0   1   0   0   0   0   0   0   3   1   0   0   0   0   1   0   0   1
490 189.81 145.02 71.36 73.67 75.11 36.88 38.23 66 4.14 0.50 0.71 43.87 27.29 4.71 4 1 37.50 1.57 4.54 3.41 3   0   1   0   1   0   0   0   0   0   0   2   1   0   0   0   0   1   0   0   1
491 138.18 123.89 58.68 65.21 39.97 24.68 15.29 62 3.66 0.35 0.74 42.48 29.67 5.00 3 1 35.71 1.80 4.00 1.88 2   0   1   0   1   0   0   0   0   0   0   2   1   0   0   0   0   0   0   0   1
492 213.12 168.31 68.08 100.23 86.55 36.86 49.69 41 3.81 0.60 0.78 28.50 39.29 5.00 3 1 41.18 2.77 5.36 7.15 3   0   1   0   1   0   0   0   0   0   0   3   1   0   0   0   0   0   0   0   1
493 0.00 0.00 0.00 0.00 0.00 0.00 0.00 0 0.00 0.00 0.00 0.00 0.00 0.00 0 0 0.00 0.00 -1.00 0.00 0   0   0   0   0   0   0   0   0   0   0   0   0   0   0   0   0   0   0   0   0
494 297.98 190.21 100.84 89.36 139.48 87.88 51.61 99 3.87 0.41 0.53 47.65 36.00 4.75 4 1 40.00 2.79 7.04 9.20 4   0   1   0   1   0   0   0   0   0   0   3   1   0   0   0   0   1   0   0   1
495 245.51 203.75 84.19 119.56 35.19 12.26 22.94 110 3.82 0.38 0.65 67.94 36.00 4.75 4 1 38.10 2.48 6.59 21.98 5   0   1   0   1   0   0   0   0   0   0   3   1   0   0   0   0   1   0   0   1
496 251.41 160.38 73.43 86.95 80.82 36.86 43.96 106 4.01 0.56 0.64 63.76 36.00 4.75 4 1 45.00 2.80 6.31 9.74 6   0   1   0   1   0   0   0   0   0   0   3   1   0   0   0   0   1   0   0   1
497 272.63 173.62 85.46 88.16 101.89 56.01 45.87 110 4.11 0.55 0.45 45.92 36.00 4.75 4 1 35.00 2.16 5.40 14.76 4   0   1   0   1   0   0   0   0   0   0   3   1   0   0   0   0   1   0   0   1
498 228.60 137.37 73.37 64.00 78.78 57.75 21.02 77 3.93 0.55 0.23 14.33 36.00 4.75 4 1 44.44 2.48 5.65 10.37 3   0   1   0   1   0   0   0   0   0   0   3   1   0   0   0   0   1   0   0   1
