2.844600422984270267e+02
6.244749543265948333e-01
1.312339377729477974e+01
5.836814695645077222e+01
1.965122332499382063e+00
6.965299959365752969e+00
6.320780589459349841e+00
1.912142841025953402e-02
1.864017079656543885e+01
2.604961442095301560e+00
9.694200060942852470e-01
8.407331674344213468e+00
2.943204723161194081e-01
1.180518878318148612e-02
3.070664498987327207e+01
8.519720660475766039e+00
1.433664034009457211e+01
3.732841464172623192e-01
3.686696374719274871e+01
3.553855637341566620e+01
2.734025730244965047e+01
2.129300763012503808e+02
5.523369486023121944e+00
2.564800396512950442e+00
1.379902091484965183e+02
2.399615142447828031e+00
2.186022014976542138e+00
5.254391720599118187e+00
4.913135509973066917e+01
8.188217402365164377e-01
8.335724188846498350e-01
5.272250122561049857e+00
3.271460161442657011e+01
5.701922761178723675e+01
7.740656488973153948e+00
2.533039292220417238e+01
8.124359000483581212e+02
1.728936051682221020e+01
4.387502450825191858e+00
2.094348601669758025e+01
2.426221692029714205e+01
7.842770523026785234e+00
4.533213953126609397e+01
5.819537197560969988e-02
5.968038424365959216e+00
2.059828855215450338e-01
2.617395308151412969e+00
3.253879702245593641e+00
1.193755495211032525e+02
6.282358317042949225e-02
