2.302338695696107251e+01
3.667260312651080545e-01
2.475007757553082111e-01
3.333854063802792894e-02
8.416300526755364331e+01
1.714154498515069402e+00
3.937059709671597716e+02
8.417890396688655528e+03
2.552745611916517632e+01
5.670185600621374888e+00
6.881640605543506126e+02
1.145477089469025600e+02
1.497661040740816141e+01
5.341068921854785323e+00
1.470084194349570161e+00
1.853565352885219453e-01
3.829846816307833279e+01
3.579211491538479617e+00
2.952520900181166752e+01
1.343386871952811212e+01
1.037388365501842186e-01
1.021834100587854088e+01
7.218116169192258624e+00
2.118668293308714823e+01
2.690799565553020134e+00
2.886013351222362999e+01
8.766749270245381698e-02
6.334822565720688914e+00
1.357308760609266756e+02
5.155894224590800157e-01
4.664516018481668080e-02
2.069085354801689647e+00
1.101539277258152367e+02
4.802227276705733239e+00
2.902135498639863798e+01
8.213067862697821298e+00
1.797725797641035683e+02
1.782289598638815562e+02
2.370434343918602860e+00
4.324867332099209705e+00
2.506065555872364712e+02
2.841645570402875354e-01
5.557932567185496220e-01
2.367785472308129080e+00
7.877148541019643346e+01
2.763541111194422228e+01
3.845778519973463982e-01
2.603139551798682727e-01
4.018980048160057095e+01
1.691884257681537385e-01
