1.850000000000000082e-03
4.210000000000000200e-03
5.749999999999999903e-03
9.499999999999999764e-03
1.707999999999999796e-02
1.976000000000000326e-02
2.682000000000000009e-02
3.026999999999999830e-02
3.048000000000000015e-02
3.361999999999999711e-02
3.450999999999999901e-02
3.807999999999999580e-02
4.078999999999999987e-02
4.277999999999999858e-02
4.336000000000000271e-02
4.793999999999999651e-02
5.335999999999999771e-02
7.185999999999999333e-02
7.260000999999999260e-02
7.787000000000000866e-02
8.659000000000000030e-02
9.045000000000000262e-02
9.534000000000000807e-02
9.857000999999999957e-02
1.011800000000000060e-01
1.040900000000000020e-01
1.089699999999999974e-01
1.172499999999999931e-01
1.300199999999999967e-01
1.384599999999999997e-01
1.404199999999999893e-01
1.427499999999999880e-01
1.588100000000000067e-01
1.622599999999999876e-01
1.754399999999999848e-01
1.793399999999999994e-01
1.918400000000000105e-01
2.175200000000000189e-01
2.298199999999999965e-01
2.361499999999999988e-01
2.386800000000000033e-01
2.416299999999999837e-01
2.437000000000000000e-01
2.497499999999999998e-01
2.523699999999999832e-01
2.577499999999999791e-01
2.600699999999999679e-01
2.648099999999999898e-01
2.975200000000000067e-01
3.010700000000000043e-01
3.091700000000000004e-01
3.293899999999999606e-01
3.530299999999999550e-01
4.057099999999999596e-01
4.263000000000000123e-01
4.938100000000000267e-01
8.056200999999999501e-01
