1.385093643044766054e+02
7.237480757964225120e+01
3.748786766674276549e+01
2.171763305103392661e+00
5.720034575902548113e+01
1.405842901225572561e+01
1.895308289449718409e+00
2.203743388876365505e-02
1.946823309743700037e+01
1.327067696920299945e-02
1.747624310605857190e+01
1.940662452977316654e+00
2.160243744404225765e+02
9.941732058818786300e+01
5.206963091482011308e+00
7.171117250562273338e-01
1.152880243503483371e+02
5.272965730014669283e-01
4.472983854092293043e+00
1.326520173331438457e+01
1.875125108524401618e+00
1.992940869075266619e+01
5.446438001221158842e+00
2.173722254477605809e+00
3.299430023594050465e-01
2.182943990017337299e+01
9.686612285219085905e+00
1.901140702847828123e+01
1.953282123051749011e+02
1.025155562628924031e+02
2.532445817588460812e+01
6.262947029528947995e-01
3.384553830432297961e+00
4.162855347384808447e+00
6.323874272214677461e+00
1.785799079302267955e+01
7.528168821173917280e-01
9.445857746661493692e+00
4.257291270121889681e+01
1.239026428200594232e+01
1.121394526347580367e+01
6.366754057856052751e-02
2.279607990804256801e+01
2.062780586976437647e+01
5.261815202518491219e+01
1.715839643040089300e+02
5.651200715074035763e+00
3.435525497654999538e-02
1.693322882244527960e+01
8.845540261950072036e+00
